405	20.8221	13.8459	0.05918
470	17.6872	13.5864	0.16092
335	19.7567	11.1156	0.18728
417	6.2382	2.49398	0.24197
240	9.07673	5.51535	0.2634
373	24.3512	6.5139	0.28918
109	20.066	16.5485	0.29289
33	15.1846	18.3967	0.30133
276	18.3315	24.6563	0.30737
702	11.6787	0.38986	0.3418
133	1.90186	20.6009	0.34259
363	8.31395	8.32666	0.35519
499	23.0142	15.2023	0.35843
60	18.6397	8.50617	0.36458
839	14.3536	21.7436	0.36643
712	9.80562	23.358	0.37699
124	3.44195	8.13984	0.43441
281	22.0022	23.2569	0.46767
848	0.80654	8.87854	0.55153
253	15.4551	8.37722	0.58176
727	11.0944	15.9886	0.59424
508	24.0157	2.82944	0.62392
707	12.2724	13.5362	0.63747
157	2.74765	14.8943	0.64403
596	1.2106	0.82927	0.68219
814	6.22792	10.2277	0.68905
190	20.522	6.39205	0.73583
96	0.62199	12.5665	0.76674
422	7.75442	21.2298	0.76925
671	16.0495	23.7775	0.8492
118	10.6033	18.635	0.85675
396	17.3955	17.0996	0.92582
121	0.61373	18.0867	0.94039
38	3.43089	2.42551	1.04185
561	8.56488	2.40913	1.04575
645	4.90103	0.1866	1.07866
486	21.2873	20.2751	1.12225
352	19.5587	22.4235	1.12669
439	4.35337	12	1.13694
161	24.2693	20.324	1.14297
280	23.9642	10.713	1.16872
258	8.11114	0.02665	1.1729
687	14.7067	5.94924	1.21333
370	22.4124	17.5853	1.26005
277	14.6054	12.1752	1.3222
283	1.17913	3.76086	1.33656
818	12.1845	10.9553	1.36564
114	20.6145	3.87191	1.38241
436	10.7074	8.50167	1.39225
407	0.77485	22.73	1.42198
302	6.23631	7.08236	1.45134
16	16.6144	4.4011	1.45504
585	17.4576	11.106	1.52672
792	11.1526	3.87182	1.53685
847	13.3598	19.4924	1.57864
243	18.8488	1.70693	1.58407
724	22.2962	8.32623	1.59391
286	8.52775	11.7865	1.6423
615	3.17849	17.2866	1.65014
490	13.452	2.09822	1.66743
409	13.5939	16.8093	1.67629
657	5.71291	19.5891	1.70987
658	4.15623	4.81793	1.71008
235	21.3232	0.57581	1.73606
221	17.1107	19.6961	1.83105
137	15.6378	15.5611	1.85389
741	9.38595	14.281	1.85508
441	21.6896	12.018	1.86576
193	10.3219	20.9467	1.89949
668	5.97568	16.8604	1.90652
602	6.32816	13.1905	1.94183
532	8.81387	16.905	1.98919
644	24.2862	13.9845	2.00884
458	17.2633	7.02844	2.08996
356	3.65924	21.6705	2.10083
71	1.88227	6.49334	2.11011
656	18.8321	15.0112	2.11898
725	23.7387	23.9814	2.16069
412	19.3672	18.5525	2.23207
580	15.6617	1.13531	2.25486
862	1.75665	10.4389	2.28076
67	6.28215	23.3666	2.28417
340	13.2204	8.45551	2.28798
31	12.6426	22.7086	2.31122
247	7.40685	4.24355	2.34943
577	4.29246	9.81014	2.47096
398	8.69945	6.88576	2.51243
685	1.02467	15.7165	2.53449
367	16.8291	13.3255	2.63221
710	2.52468	24.508	2.68053
811	20.1502	9.14511	2.72763
565	11.3914	6.51076	2.78976
399	15.6485	9.63431	2.82544
279	24.4583	5.31234	2.84171
579	2.52127	12.9514	2.85965
166	15.4722	21.5292	2.86097
196	6.10181	1.9899	2.86412
461	10.4049	23.4989	2.8869
549	23.1705	1.7222	2.90923
176	8.91009	9.59139	2.92928
192	11.0561	1.18681	2.93458
504	17.9225	21.5787	2.9894
278	7.93994	19.3668	3.01765
544	1.9642	19.3465	3.03849
339	21.2498	14.4448	3.04351
265	20.3578	23.6933	3.06584
74	11.8258	15.5421	3.06924
72	22.3608	21.8272	3.08108
99	19.3281	12.3562	3.15393
578	11.5182	12.5948	3.16423
646	19.0916	5.18269	3.19737
251	14.0049	14.0531	3.21116
44	22.4182	4.0027	3.3038
779	17.1087	2.50667	3.39723
492	6.433	10.9284	3.43818
116	23.185	10.394	3.45283
355	0.64823	1.58533	3.4546
100	4.307	6.6313	3.48271
849	13.9472	6.16061	3.51073
494	21.3406	6.37516	3.53239
672	3.6896	2.71811	3.5422
83	24.3937	17.4775	3.5546
374	14.045	3.43976	3.56749
804	15.2861	23.9692	3.61057
455	17.4607	16.6999	3.63071
483	22.5939	19.2213	3.63987
56	23.7967	7.8192	3.65617
765	7.5408	15.0143	3.65625
29	9.52295	4.81514	3.69665
11	4.33181	15.3878	3.72765
160	1.48582	8.26847	3.74987
141	16.0648	18.6958	3.75646
97	21.0597	16.9211	3.76208
676	11.2837	10.0784	3.80925
719	0.06482	21.2409	3.81604
319	17.9755	24.238	3.84729
207	12.8412	20.7844	3.84768
507	8.11427	22.1955	3.85039
482	10.4671	18.8451	3.86514
697	6.60837	7.99264	3.86821
39	14.0456	11.1626	3.90321
620	4.70757	0.19165	3.93911
336	7.702	24.8832	3.96243
830	5.16032	20.0759	4.04096
119	13.03	17.9685	4.04523
694	8.62014	2.39247	4.13601
522	19.5852	1.85596	4.16784
837	12.6883	24.4161	4.20706
222	11.6565	3.42463	4.21596
350	17.4761	10.1807	4.24195
165	0.52953	23.9741	4.24227
855	16.5088	5.45676	4.2465
308	0.3833	13.971	4.31755
754	2.0962	5.05429	4.33563
619	4.73634	12.7863	4.39018
690	18.7374	7.7002	4.40556
228	6.08506	17.7394	4.42785
520	2.35459	17.009	4.56658
553	5.93344	4.85264	4.56733
735	0.93093	11.2804	4.56951
637	5.27171	22.5199	4.58768
481	2.63844	21.8672	4.5906
711	15.6232	7.87577	4.60059
188	10.5506	21.6079	4.60344
105	20.8486	10.6603	4.61778
290	22.5866	12.8515	4.67021
132	9.91381	14.2181	4.70846
400	21.7928	1.1008	4.74878
6	19.8024	19.7155	4.77962
853	23.2127	15.4809	4.82433
204	16.0837	12.3472	4.88324
195	14.9017	1.53666	4.955
530	8.97138	16.878	4.95802
365	9.00636	11.6749	4.99307
629	18.265	14.4556	5.07036
677	10.0047	0.33614	5.12555
546	24.312	4.08253	5.15698
595	15.5557	15.7945	5.20186
391	9.22063	7.93898	5.21644
614	22.7464	23.9162	5.25786
154	15.1924	21.9858	5.37788
593	4.83743	9.58119	5.37936
836	6.7748	13.4784	5.43214
48	0.50326	6.65704	5.4647
314	20.7732	22.0757	5.4693
738	13.2015	9.1946	5.50567
750	12.9355	13.7218	5.50705
219	21.7772	8.11641	5.51048
73	1.66062	2.77252	5.51817
419	6.36496	2.66344	5.57724
158	11.7546	6.46765	5.61444
675	17.7047	21.1229	5.65858
347	7.9058	19.6393	5.72061
179	17.4771	1.18427	5.78093
390	12.8495	22.561	5.81738
406	12.211	16.3327	5.85192
706	18.6255	4.05461	5.85826
815	23.295	21.5361	5.91164
463	7.11816	6.53523	5.91649
8	21.3421	4.474	5.93256
464	4.09316	1.60316	5.97374
460	0.65184	19.7098	5.99549
674	12.422	1.36584	6.00445
434	18.7715	23.2418	6.02227
377	3.03913	19.3809	6.02549
357	3.33546	6.79464	6.0267
37	24.2468	9.47191	6.03447
117	21.945	18.4701	6.0596
819	18.3685	11.6754	6.06523
563	24.6568	17.5395	6.08855
509	1.41829	14.8383	6.11568
638	6.83912	15.7471	6.15918
755	24.8453	0.73383	6.18309
320	7.63319	9.73875	6.2085
683	20.43	15.9244	6.25817
564	16.1554	18.933	6.2659
138	3.07278	11.6002	6.27383
338	13.6055	19.406	6.30101
550	2.43637	24.0164	6.34957
246	9.53989	5.41855	6.3727
307	14.418	6.08961	6.40672
454	10.4454	9.8022	6.51016
526	19.7063	6.43518	6.51353
328	23.8958	11.8905	6.51497
745	20.7282	13.3449	6.53578
2	1.83184	9.24472	6.53863
771	18.4753	17.4205	6.55284
410	5.45409	24.424	6.55912
612	15.6257	24.4862	6.59236
447	3.71919	14.3522	6.60377
621	10.0341	2.66761	6.61821
628	10.8376	18.4052	6.64062
120	17.0551	7.53115	6.6811
215	15.4761	3.55568	6.68917
703	12.597	4.02078	6.69857
333	23.2452	6.39753	6.70039
854	22.6591	2.31075	6.70154
344	7.7687	1.07657	6.74446
183	8.52915	23.6144	6.77483
282	15.7754	10.0202	6.7958
583	6.88444	21.8202	6.80145
538	4.18569	4.40747	6.80858
317	4.07575	16.9533	6.8562
858	10.8857	12.8605	6.88067
554	19.0954	9.16567	6.89748
261	15.0902	13.5179	6.96574
349	11.1171	20.777	7.05777
69	10.1053	15.2973	7.09086
600	21.2739	10.9357	7.09614
764	4.17415	22.0435	7.14396
237	19.7892	1.98848	7.21284
435	5.39233	7.86863	7.25074
78	13.4313	11.2572	7.2692
174	5.394	19.6305	7.27597
692	6.99303	4.30782	7.28821
284	17.4185	14.1414	7.34349
225	14.5922	17.0135	7.36466
673	22.8517	15.728	7.46755
660	7.76666	17.7756	7.46992
198	0.44374	23.1282	7.5446
759	5.53883	11.1494	7.58814
424	11.035	23.8755	7.59014
547	21.1064	21.2388	7.63933
627	7.82482	12.3512	7.63967
394	21.9287	24.1266	7.68048
19	1.58504	4.58483	7.69015
444	19.6525	19.2739	7.74738
816	11.1406	7.82654	7.81543
126	8.24525	8.00076	7.8373
200	13.8938	8.31803	7.88174
743	23.9966	4.03024	7.92431
260	1.67703	17.5298	8.03738
322	0.9623	7.36091	8.03894
376	0.25325	14.2355	8.06535
89	13.6502	24.342	8.1497
80	21.2277	7.73138	8.15057
440	8.94675	20.2156	8.17907
104	16.3953	1.54334	8.2004
843	1.12753	2.06642	8.24468
734	13.5353	2.09781	8.28618
309	6.77761	14.7816	8.29247
760	23.4768	18.8956	8.30825
666	19.0369	4.31107	8.35713
13	0.43639	20.467	8.40375
576	12.1312	15.812	8.42823
705	16.7665	22.3509	8.43084
170	3.63857	1.66304	8.46449
171	23.6425	8.55328	8.46494
201	22.7754	12.8249	8.46659
383	21.1452	17.3986	8.50653
387	23.192	22.4107	8.51021
354	0.68921	11.3318	8.51759
488	17.3304	16.2964	8.52082
108	19.8691	23.1867	8.52329
111	14.3287	20.9633	8.58297
3	16.6073	4.42902	8.61045
180	18.1447	11.3268	8.61891
679	19.9124	14.7746	8.64672
151	21.6553	5.0108	8.65432
744	9.92811	11.0615	8.66559
175	18.6778	0.38018	8.78104
26	13.0118	18.5781	8.78331
701	3.93643	12.6468	8.78577
667	3.64542	24.1821	8.79934
555	23.4859	0.72942	8.79984
548	16.5461	19.6212	8.80263
143	8.48277	2.83915	8.81375
384	9.99621	17.568	8.82686
241	3.29177	8.85632	8.88663
501	15.5734	11.8856	8.89895
23	6.70374	23.8645	8.92069
331	12.862	13.3937	8.93159
698	18.5851	7.58466	8.96101
528	10.7925	4.54428	8.97142
236	2.99728	19.7669	9.0544
163	6.15191	1.49774	9.06924
728	10.7996	0.94686	9.07416
360	9.22332	22.862	9.08885
817	4.50466	15.0782	9.13079
76	6.05399	5.9011	9.15464
79	21.3669	2.20753	9.17052
395	13.3919	4.80562	9.18845
404	16.124	9.17266	9.29418
274	9.7679	13.7089	9.34206
313	15.219	6.3787	9.3501
476	24.7491	16.6874	9.35479
569	5.54543	9.42594	9.3722
543	5.55435	17.6007	9.37868
4	3.82293	3.91909	9.43576
42	1.95037	22.3826	9.45429
382	15.1656	15.103	9.57976
598	21.0398	10.0221	9.59652
392	8.45055	6.43249	9.62392
746	1.06809	24.8378	9.693
626	13.1549	10.3315	9.70016
768	5.12874	21.7181	9.70044
739	18.5949	20.8555	9.78515
558	18.6942	18.0284	9.80199
50	7.94862	9.78854	9.80288
778	0.93548	9.2531	9.81618
53	12.151	22.0397	9.81995
101	1.98798	15.5227	9.90819
647	15.3212	17.7786	9.91155
297	7.96097	16.3737	9.95496
496	22.3222	15.1691	9.95996
206	3.40579	6.77277	9.97425
475	10.8802	9.15569	10.1096
479	1.90685	12.8149	10.1655
446	8.49438	0.49888	10.1924
669	23.7596	6.76708	10.2101
633	1.06262	5.79358	10.2125
416	6.8702	12.1657	10.2151
635	23.7908	10.7257	10.2258
425	19.8977	12.5324	10.2499
128	15.6407	24.88	10.2709
820	10.4398	20.3859	10.2851
825	7.79912	19.7913	10.3161
88	12.9702	7.45968	10.4244
57	23.7845	3.42484	10.4246
662	23.1859	20.7414	10.4878
468	24.4573	23.1164	10.5633
95	1.57705	2.99539	10.575
329	20.6715	7.00911	10.5843
575	24.3433	13.36	10.6013
810	6.27112	3.62176	10.6116
767	19.5145	3.47708	10.6618
545	16.6738	2.63286	10.6669
427	13.7971	1.48677	10.688
348	14.6469	22.2922	10.7374
459	3.34919	17.5779	10.7778
471	10.4675	6.29054	10.8378
835	11.7077	24.3442	10.8692
566	18.2605	9.67174	10.9244
607	11.5321	2.7043	10.9257
295	6.68938	7.55911	10.9269
54	7.45329	22.06	10.9297
497	18.063	15.2918	10.9463
244	13.394	20.0039	11.0142
229	20.4716	22.8794	11.0372
61	22.681	18.1992	11.0825
125	1.48322	20.4388	11.0842
723	20.5538	19.56	11.0981
28	17.2666	22.8256	11.1532
159	19.9678	1.01056	11.1613
790	16.8072	12.6189	11.1634
491	4.42228	12.7518	11.2117
680	11.6069	17.8599	11.2188
806	8.62578	3.96937	11.2219
135	22.5766	24.5663	11.2373
500	21.5043	4.5591	11.2675
271	5.328	19.7027	11.289
786	10.4605	11.6887	11.3079
98	14.3034	12.6894	11.3381
534	13.5401	16.1025	11.3491
640	9.95841	15.6701	11.3782
812	14.8461	9.65609	11.4143
428	0.42875	18.2765	11.5125
300	14.3655	3.83061	11.5135
21	20.3786	16.7366	11.5572
762	11.8511	13.8476	11.5653
146	2.94894	9.51916	11.5817
27	5.82851	0.06343	11.6342
777	6.6685	14.4827	11.6676
199	16.0067	5.92884	11.6899
756	18.3179	7.151	11.7311
351	17.188	18.1324	11.746
107	24.9385	1.00531	11.7573
681	4.2109	22.5708	11.769
758	0.34597	7.7296	11.8535
808	3.20826	24.6935	11.8557
834	5.6053	9.96124	11.8657
498	5.94045	17.1554	11.9267
794	8.67204	9.23502	11.927
696	0.62685	11.3608	11.9655
525	9.58004	23.2884	11.9751
296	12.4539	5.37674	12.072
448	17.5157	0.66209	12.0925
833	22.0971	11.716	12.0944
378	20.6371	14.2218	12.1663
272	8.83172	13.3374	12.1752
362	8.5791	17.8993	12.1825
248	3.93514	15.4055	12.2226
682	0.77541	15.7567	12.2883
112	22.3182	1.866	12.3408
250	17.7972	20.4442	12.3529
68	8.51718	1.47235	12.4141
752	3.1483	2.16573	12.4328
782	22.6695	7.2547	12.4608
730	5.03973	5.34805	12.469
411	20.6075	9.44477	12.4751
305	23.9305	9.63451	12.4886
323	3.05311	7.36822	12.495
211	12.4682	10.5918	12.5214
529	24.7402	21.5174	12.5282
403	14.4604	7.60567	12.5327
737	18.17	4.22192	12.5594
841	23.1578	14.9227	12.6103
91	2.54448	4.52902	12.6186
397	9.38344	20.6344	12.6346
106	11.1207	8.32429	12.6602
740	14.1836	24.6081	12.662
623	11.1571	1.04843	12.7255
327	22.167	21.7002	12.7527
40	24.2834	4.65195	12.7741
670	5.69581	2.56531	12.8146
245	15.2666	20.6308	12.8394
617	14.5345	18.0574	12.8795
115	2.03747	13.6228	12.8944
134	18.9271	12.0268	12.9244
433	3.19631	20.4729	12.9465
695	12.2207	22.2304	13.0204
268	19.1521	23.6858	13.024
709	16.6651	10.3215	13.0556
514	8.98925	6.4705	13.0783
795	1.16357	23.7495	13.112
289	16.3133	16.0281	13.2179
130	14.1203	14.4748	13.2182
789	2.41576	17.2281	13.2408
291	20.4224	5.97707	13.2978
269	7.23378	23.4685	13.3693
343	10.4831	3.69334	13.4078
122	11.5842	19.4978	13.4529
584	5.66794	7.72763	13.5245
838	15.9195	23.0051	13.582
326	7.61302	11.3603	13.5821
366	19.4559	18.3109	13.6064
537	12.1046	16.6026	13.6144
524	0.26089	2.41986	13.6886
9	24.5875	19.3594	13.6945
81	6.3791	20.1233	13.7072
478	15.1932	1.86341	13.7164
832	7.75611	4.46279	13.7486
156	22.1354	18.926	13.7692
467	16.7561	13.0748	13.7775
32	18.8877	15.3438	13.7838
827	23.3413	24.1186	13.8093
46	10.1614	11.1133	13.8396
655	14.3233	11.7852	13.8798
466	20.4651	0.99039	13.8904
287	19.6103	21.3152	13.8991
568	5.02777	12.8284	13.918
610	2.75629	10.8196	13.9202
747	9.33213	16.0673	14.0053
659	24.756	13.2058	14.0238
432	1.13946	8.71873	14.047
238	10.7753	13.58	14.0867
864	16.2802	8.27446	14.096
643	13.2596	3.62047	14.1239
413	5.00783	22.176	14.1677
689	16.2653	4.36064	14.1859
484	5.59379	0.14553	14.1921
226	8.88682	24.9496	14.2152
233	18.7751	7.98415	14.261
787	4.61866	18.5876	14.2749
86	2.29425	1.23736	14.2967
437	22.3479	3.86696	14.3112
699	18.0637	2.22977	14.3425
826	1.23451	6.1003	14.3718
770	7.08337	17.3924	14.3773
802	12.7958	1.02046	14.5052
589	22.5934	16.6825	14.5323
353	1.5355	21.8545	14.6211
275	10.8321	6.05603	14.6289
631	20.8254	11.0821	14.6477
780	7.81188	8.98328	14.6499
688	13.1514	9.24994	14.6828
788	24.3866	10.3452	14.6975
77	3.26566	23.9098	14.7195
18	21.7131	8.2046	14.7235
299	7.31732	14.3071	14.7236
431	22.1057	13.6829	14.7644
87	23.591	6.21788	14.7705
512	4.80499	15.8037	14.7793
800	5.14586	10.2047	14.7969
624	10.5578	23.115	14.8064
493	13.2338	6.51976	14.8153
489	17.4056	24.8169	14.8372
519	0.30684	16.4316	14.8615
716	16.8444	20.1941	14.8942
761	13.6655	20.7736	14.8958
292	1.8808	19.3184	14.9175
123	8.39144	21.8906	15.0301
753	4.36716	5.22204	15.056
172	23.3218	21.728	15.1412
594	20.7707	23.9823	15.1501
796	9.70212	18.4756	15.1537
325	10.4834	8.60541	15.1548
298	3.48214	8.1072	15.1634
131	17.635	17.2189	15.1815
15	18.0317	5.95464	15.2348
773	23.6654	1.18568	15.2702
129	2.4547	14.8277	15.3187
35	14.5328	18.3776	15.3259
342	2.21203	3.8736	15.3382
20	19.8638	4.1391	15.3559
516	13.3912	23.5753	15.3919
654	8.87814	2.41673	15.4079
213	15.0532	15.9886	15.4269
536	19.4303	13.2348	15.4392
90	12.8257	14.457	15.5075
625	5.99676	3.21461	15.5951
533	12.0856	11.8895	15.6842
803	20.3685	16.6608	15.7269
639	1.33673	11.5913	15.7369
632	17.1799	11.3491	15.7859
173	6.59976	6.66313	15.7893
149	15.1222	0.3229	15.8681
571	15.7305	22.2098	15.8847
718	15.2516	9.72249	16.0067
52	15.372	6.44624	16.0315
321	11.2213	20.513	16.0514
212	11.2788	3.46862	16.0662
784	18.9009	9.54485	16.0723
642	7.45979	19.6481	16.0849
721	16.8699	14.437	16.1152
652	12.0728	17.8285	16.1713
861	0.72671	0.43372	16.1896
150	10.7333	0.39677	16.1952
346	14.8481	12.8314	16.2087
574	18.3247	22.2845	16.2161
844	20.8865	21.418	16.2224
785	9.09827	13.4673	16.2571
332	24.7764	8.45798	16.2931
293	21.2847	1.92953	16.3068
36	3.76494	1.97406	16.3256
648	8.75987	4.96653	16.3409
801	23.3737	12.0993	16.3778
358	22.2272	19.3511	16.3833
515	6.36132	22.9147	16.3911
609	7.0738	0.88886	16.4156
47	0.17101	14.2002	16.4377
426	3.75758	12.6311	16.462
809	8.96245	10.7094	16.4941
41	21.3907	5.73944	16.5251
167	15.0465	3.67421	16.5374
821	19.4154	19.1014	16.5441
63	5.64019	17.8174	16.6965
757	6.70179	12.5954	16.7147
203	19.1007	0.32816	16.7399
223	24.8106	19.9624	16.7574
691	10.4824	15.6582	16.7924
665	7.9851	16.1877	16.8334
700	1.7959	6.88292	16.8573
85	4.87954	21.0666	16.8674
182	22.537	24.4605	16.8879
766	24.646	22.9726	16.9111
551	23.5476	16.5586	16.9655
127	17.8554	3.03548	16.9731
713	23.6343	3.16331	17.0061
846	16.5135	18.5746	17.0064
775	24.7712	5.36226	17.0604
597	22.4348	9.03301	17.0749
599	3.30435	19.1175	17.0758
270	1.11641	17.506	17.0912
650	13.1499	1.9175	17.1167
748	19.996	7.4209	17.1761
75	2.66319	22.7939	17.1814
708	21.4698	15.1699	17.2386
144	10.7205	6.66219	17.2664
311	5.52103	15.1964	17.2684
502	20.6022	11.3787	17.2731
408	4.80423	24.7151	17.2917
704	2.70554	9.94477	17.3004
386	13.0808	5.51592	17.3543
209	5.39422	4.85448	17.4383
618	8.18913	8.18273	17.4414
581	13.1016	8.4102	17.4515
318	11.4232	23.1639	17.5001
230	3.12083	15.7832	17.5776
103	6.17977	10.2273	17.6037
429	1.57965	2.40302	17.6255
49	17.1933	8.0232	17.6284
805	4.9768	7.82926	17.6369
442	13.4449	21.2465	17.6846
202	9.37053	18.4437	17.6973
751	18.2851	16.4364	17.8
857	11.4536	13.5112	17.8011
742	8.58507	21.2942	17.8061
1	16.9268	24.1003	17.871
92	10.733	9.50061	17.8847
113	20.382	3.79893	17.9301
722	0.11079	10.3603	17.946
70	9.70075	2.29124	18.0079
661	16.6866	20.752	18.0084
732	22.4257	22.1416	18.0592
487	8.7388	24.3521	18.0612
136	23.2148	6.7948	18.0681
586	15.2146	15.7229	18.0706
415	1.85294	20.6671	18.1062
294	17.4919	5.24276	18.2028
58	24.2422	0.97495	18.218
451	19.2871	13.8405	18.2302
389	2.06463	13.6018	18.2616
717	13.9614	18.5142	18.2684
720	13.9299	24.2231	18.2763
850	13.3213	11.922	18.3584
205	16.0137	1.77461	18.3814
51	2.89777	5.36442	18.4272
693	19.1353	20.9352	18.4306
856	16.8349	11.4715	18.5039
649	14.9387	9.83625	18.5279
562	23.4002	13.4143	18.6945
65	19.8528	18.2729	18.7071
542	22.3341	18.4027	18.7536
181	6.04089	1.38086	18.7556
462	21.3281	0.93113	18.804
570	13.0218	15.4943	18.8067
414	4.06102	2.75756	18.8223
185	11.5786	17.5523	18.8265
842	0.23248	8.09098	18.9041
582	9.67697	4.78271	18.9314
541	14.7043	6.91778	18.9397
539	7.72163	13.2265	18.947
234	11.7346	0.5414	18.9579
591	9.86202	11.7332	18.9983
663	4.75816	12.7843	19.0032
714	15.2941	13.2902	19.0129
315	7.42711	3.5049	19.0435
361	5.21403	18.5138	19.0477
859	6.69572	23.2721	19.0493
684	7.06156	6.2946	19.0805
781	0.07636	15.655	19.0975
749	11.0019	20.3785	19.1446
587	22.5983	10.8288	19.1584
139	0.56595	22.7083	19.1649
14	19.7588	5.94868	19.2103
194	19.153	9.36067	19.2248
503	11.947	3.39327	19.2319
310	0.89844	4.43366	19.2433
636	4.91964	21.3027	19.3089
66	7.30868	20.1635	19.3293
197	14.4373	4.0266	19.3353
824	21.5372	8.33359	19.3481
43	22.7573	4.03374	19.4164
301	2.79317	7.87371	19.4198
372	3.80606	23.6127	19.4336
523	18.9616	23.2205	19.4625
304	18.4246	1.06043	19.477
380	7.78873	17.7493	19.5405
731	20.3909	15.8576	19.5437
430	1.93258	0.11907	19.5724
341	11.9451	6.03627	19.6525
774	16.3127	18.4063	19.6751
145	9.82335	15.8039	19.6815
316	6.30423	15.3112	19.7025
364	7.82855	9.60959	19.7026
729	9.56126	7.49462	19.7443
24	1.38865	11.5331	19.781
337	9.70664	22.4459	19.8006
573	3.77921	16.4749	19.8522
25	24.3	19.5999	19.8599
184	4.61058	9.28195	19.8996
736	1.58376	17.5838	19.935
369	19.9768	11.7168	19.9796
828	21.5485	23.5257	19.9828
852	12.6456	22.5211	20.1139
5	16.8929	3.81901	20.1163
210	23.0768	16.4403	20.1572
616	12.5788	8.5767	20.1648
55	4.89211	4.7789	20.2128
606	16.7668	14.8906	20.3288
510	17.6917	7.33502	20.3505
178	16.0319	22.645	20.3923
232	19.8469	3.09329	20.4138
863	14.5562	20.4804	20.4239
829	20.9196	20.9978	20.4364
263	2.12477	19.9091	20.4644
345	12.2872	11.0932	20.5218
611	24.1088	24.7119	20.5314
557	0.33872	2.15656	20.5593
94	16.0935	9.16843	20.6974
813	21.7682	6.21952	20.7293
368	23.8593	8.87168	20.7465
822	9.29575	1.9896	20.771
726	11.2225	13.6149	20.781
630	3.13875	14.0518	20.7811
559	16.0265	0.57753	20.8026
216	5.35634	0.11618	20.8156
62	17.6132	11.0757	20.8619
556	6.57791	11.6963	20.9051
664	21.6412	13.81	20.9301
93	15.823	5.86832	20.9679
273	9.8912	18.2134	20.9854
153	0.72263	6.65711	20.9859
456	18.9028	14.1396	21.0359
480	18.4371	19.4142	21.0527
495	9.86286	10.058	21.1154
189	12.5088	18.4201	21.1202
255	24.1498	12.8618	21.1374
388	13.4564	0.17533	21.152
776	6.19173	7.87153	21.1785
218	1.73965	9.48561	21.2036
622	13.3189	15.8994	21.2086
393	2.38317	22.4597	21.258
452	3.25525	1.80647	21.2678
59	0.84251	14.7069	21.274
572	22.8762	1.9597	21.3324
798	14.4537	12.0448	21.3583
84	6.17848	22.2745	21.3648
477	8.45219	20.8513	21.3893
266	8.12177	24.4008	21.422
485	18.3754	21.9698	21.4755
678	6.57711	2.80945	21.4864
239	22.4742	18.8779	21.5077
227	8.93397	12.4649	21.5675
312	23.7121	21.4632	21.5687
334	3.89083	11.2988	21.5736
769	21.5359	10.0169	21.6709
256	11.4445	2.156	21.6745
330	14.8529	2.76064	21.7088
797	20.3623	0.58749	21.7172
634	8.13226	15.1778	21.723
449	6.98879	5.34293	21.7321
168	18.8265	5.39307	21.7744
521	9.46727	4.46341	21.8048
653	3.73301	6.79298	21.8214
306	5.68241	14.1352	21.8251
264	7.57887	17.477	21.8515
7	11.2707	21.0483	21.8572
511	2.24513	4.60904	21.8882
474	10.6744	24.1911	21.9184
840	20.2283	17.6931	21.9527
465	15.1901	17.6723	21.9682
651	4.96471	17.7301	21.9716
763	19.6371	8.49166	21.9983
110	4.05651	20.4524	22.0418
469	1.20355	24.422	22.1182
527	13.8901	9.68897	22.1592
793	11.4956	6.74552	22.1737
457	17.726	2.28964	22.1739
208	0.69752	17.0049	22.1799
34	12.6763	4.45944	22.2939
164	24.3431	4.30067	22.313
177	16.2044	20.414	22.4506
845	14.4804	22.7665	22.5381
242	10.4943	16.33	22.6032
641	15.6468	15.1564	22.6623
560	17.8127	24.4388	22.6655
799	13.9131	7.06399	22.7383
22	22.6617	23.8083	22.7668
30	23.1415	16.3595	22.7796
187	0.7345	11.1717	22.7833
608	19.6585	12.2401	22.8045
603	3.05413	16.5408	22.847
231	23.663	7.00258	22.8629
224	13.6606	20.0659	22.8911
823	1.04517	19.652	22.9257
169	13.2831	13.4988	22.9331
715	20.5741	15.1493	22.9363
381	20.4351	21.379	22.9435
371	8.99891	6.99531	22.9471
257	7.34538	9.90413	22.9633
385	21.4958	3.64716	23.0224
214	4.52049	23.2222	23.0281
472	10.5739	8.93762	23.0766
262	20.96	6.24722	23.1221
152	8.28474	22.6429	23.1501
191	4.62415	3.51477	23.2096
807	0.66187	22.2409	23.2132
518	1.4017	7.88176	23.2211
453	6.62541	0.75614	23.2355
783	16.4908	12.5516	23.2394
513	4.08542	9.32318	23.247
217	3.46007	13.3075	23.2561
540	6.89536	19.834	23.2586
64	15.5855	4.68117	23.2987
588	18.0999	17.9073	23.3409
601	18.0099	10.2461	23.356
438	24.4538	1.6556	23.3576
12	12.2662	11.1616	23.3639
613	23.1357	13.4747	23.3878
402	10.7044	13.4326	23.4038
148	18.0376	15.3174	23.4151
420	12.0412	18.3549	23.4889
162	17.0097	7.637	23.4894
791	1.80324	2.76339	23.4993
147	9.75357	19.8052	23.5172
423	24.0683	9.51677	23.6016
17	8.31953	3.14557	23.6064
506	12.3682	23.7381	23.6145
252	0.4583	13.6046	23.6478
418	6.16686	7.69904	23.7003
303	20.2251	23.8225	23.7138
733	9.53511	0.82504	23.7205
851	3.79988	0.85803	23.7406
401	15.409	24.5755	23.7673
590	5.5742	11.9376	23.774
567	13.7515	1.51677	23.8893
155	13.6447	16.5479	23.9032
288	23.933	18.6447	23.9469
140	21.4177	18.3992	23.9497
552	15.5041	10.4875	24.0417
142	22.8119	21.2304	24.1334
10	21.4552	8.5267	24.1495
102	11.1821	3.0005	24.1887
379	1.56096	5.72296	24.1986
259	8.15793	12.5964	24.2011
517	19.3989	2.461	24.2028
186	2.70226	18.4484	24.2427
267	7.78532	14.9194	24.2615
450	21.8867	1.4098	24.3413
82	8.33033	17.6237	24.3538
535	22.1561	11.3406	24.3623
605	2.60351	11.2172	24.3764
860	4.00305	6.08324	24.4002
531	16.9577	21.4073	24.4193
45	5.69926	17.7759	24.4254
473	6.48823	5.08293	24.4413
443	0.48749	15.7616	24.4654
359	12.965	8.73021	24.4903
220	11.5999	21.4527	24.5193
254	4.54353	21.0259	24.5892
421	6.5587	23.5507	24.6336
772	9.87831	10.7825	24.6595
285	18.5136	4.87269	24.72
375	22.6246	4.82854	24.7393
831	24.3035	24.1918	24.7446
686	19.0871	19.9541	24.7568
592	16.4176	2.54288	24.7613
445	15.0674	14.1992	24.8895
324	13.5403	4.11577	24.9268
249	11.5852	6.20244	24.9551
604	5.6006	15.1174	24.9781
505	2.87286	23.613	24.985
