1077 1.86256 -3.99411 -11.0596
422 1.82319 -3.25751 -12.0501
427 1.39439 -3.11596 -11.1579
988 0.398536 -3.03205 -11.193
1656 2.39746 -3.21127 -10.7417
785 2.7407 -3.11823 -11.6776
31 0.328468 -1.1719 -13.0094
53 -0.432162 -1.79162 -11.6202
59 1.71208 -1.14889 -11.0747
69 -0.594367 -1.30255 -13.3717
111 0.208524 -2.54024 -12.6186
133 0.793107 -2.1486 -11.4457
369 0.730158 -2.03454 -13.3168
1612 -1.42138 -1.11499 -12.7004
863 -0.823659 -1.11651 -10.7807
829 2.07862 -1.82708 -13.5423
1080 1.85954 -2.6845 -13.0762
1173 1.39837 -1.95275 -12.5744
101 0.404336 -1.45639 -12.0537
1565 1.75017 -2.2978 -11.7042
1548 1.4981 -2.21368 -10.7394
7 4.73782 -1.83343 -10.8948
91 3.22187 -1.43201 -12.1272
363 4.05809 -1.57666 -11.5982
611 2.48892 -1.90148 -12.6195
1566 2.98366 -1.02422 -13.0087
1856 3.81017 -2.8435 -11.9609
1841 2.4742 -1.64003 -11.4966
848 4.94322 -1.66815 -12.0545
920 2.71967 -2.99217 -12.6694
1066 4.06088 -1.09508 -13.399
592 3.2198 -2.29743 -11.3666
1293 4.07005 -1.68575 -12.5922
1580 5.33913 -2.93074 -10.7944
1424 6.66276 -1.88429 -11.1585
377 7.42486 -2.5174 -10.8808
778 8.12203 -1.26839 -11.4204
1712 8.99936 -1.07882 -10.9796
1007 -2.29502 0.395917 -12.1398
14 2.1213 0.0640332 -13.7118
74 -0.79349 0.68511 -12.5151
1936 0.717473 -0.0918085 -12.932
208 0.7329 0.128672 -11.9567
305 1.99063 -0.503975 -12.0484
563 1.84936 -0.897162 -13.2547
597 -0.0673235 0.71445 -11.8283
1803 1.70503 0.0869068 -12.8029
725 1.83932 0.973085 -11.9826
810 1.67198 -0.135804 -11.1749
866 0.919127 -0.764516 -11.5474
915 -0.760401 -0.282117 -12.7669
1737 -1.55701 -0.278491 -12.1624
113 0.403819 0.145568 -10.9996
1198 1.14593 0.755206 -11.2958
1720 -0.0340367 -0.71933 -11.2484
1676 0.0421263 -0.541009 -12.2294
1284 -1.53841 -0.139982 -10.989
1349 -0.892489 0.600414 -11.275
1507 0.949744 -0.736141 -13.6606
1563 1.21467 -0.974365 -12.4794
161 2.66893 0.43577 -12.1343
216 3.64419 0.310984 -12.4397
270 3.37034 -0.15093 -13.882
386 4.61313 0.363455 -12.0999
401 3.02176 -0.474705 -11.9187
500 4.04412 -0.816855 -10.9363
893 6.11731 0.138405 -10.9162
718 3.78835 -0.674703 -12.5288
817 4.7083 -0.0540283 -13.0036
873 5.3441 -0.954022 -11.4807
907 5.3392 -0.374185 -12.2968
935 4.23387 0.187158 -11.0157
1095 2.61839 0.914091 -11.2577
1942 5.20666 0.129278 -11.3299
1214 2.59664 -0.683894 -11.0381
1226 6.19754 -0.0569021 -11.8936
1370 3.24084 0.0777258 -11.1102
164 4.56564 0.987353 -12.8799
1583 6.33404 -0.957517 -11.34
1597 2.88564 0.203187 -13.0823
1822 4.4751 -0.5829 -11.8078
831 2.61632 -0.890231 -13.9291
21 7.25053 -0.75275 -11.6836
594 7.33252 0.159423 -11.2821
1136 6.85686 0.501498 -12.3971
1376 8.19259 -0.320602 -11.1095
614 8.4007 0.657415 -11.0966
792 9.1767 -0.0854512 -10.8875
852 -3.20614 1.02119 -11.7188
654 0.630099 1.57025 -11.5596
795 0.606605 2.70798 -11.3278
917 1.10524 1.47964 -12.4348
1475 1.76754 2.80786 -11.3027
1118 -1.62774 1.24113 -10.8842
1128 1.23986 2.04651 -10.9261
1373 -0.299791 1.54626 -12.6389
350 -0.319594 2.47559 -11.0309
950 2.07227 1.74476 -11.3908
118 2.91817 2.23937 -12.6599
273 5.59911 1.09335 -10.9658
737 2.90161 2.24625 -11.1445
886 3.79869 2.0095 -12.2454
1145 4.41303 2.75589 -11.9207
1158 5.17236 1.98846 -10.8368
1220 3.27235 2.78645 -11.9
1885 5.05235 1.20853 -11.7951
1264 5.78747 2.07174 -11.6435
1496 2.35344 1.11527 -13.4856
1521 2.95399 1.4787 -12.0117
1706 6.04917 1.02579 -11.8562
1710 4.38994 1.87371 -11.4505
1968 5.50879 1.29344 -12.6808
1991 5.31785 2.878 -11.2838
260 3.82856 2.61682 -11.0864
591 3.59627 1.00066 -10.9624
1104 3.95545 1.08739 -11.8917
816 4.5827 1.10731 -10.8379
488 7.20904 2.23337 -11.3733
580 6.99453 1.69992 -12.3687
1408 7.86854 1.50019 -11.2074
1323 7.05559 1.06721 -11.5968
1541 6.44896 2.62633 -10.8557
44 8.92118 1.87173 -10.9355
1951 6.45862 1.64326 -11.0386
37 -0.154986 3.26176 -11.6644
1416 1.88485 3.16009 -12.2312
367 1.13507 3.36594 -10.7656
742 2.27266 3.8492 -10.9665
1341 2.69303 3.59924 -11.8387
1258 3.96378 3.55577 -11.4027
225 1.29973 -3.35809 -9.17249
1009 1.95261 -3.52651 -8.43399
1955 1.44198 -3.89181 -10.0872
1041 -0.0646834 -3.39165 -10.381
292 0.785446 -3.05449 -9.9766
4 2.98046 -3.17448 -9.02904
22 4.36261 -3.55222 -9.00022
42 5.81862 -3.44192 -7.12282
181 4.80572 -4.16573 -8.25063
293 3.81579 -4.0438 -8.32252
991 6.04415 -3.40647 -10.2684
1611 5.15303 -3.43953 -9.60233
1558 3.0437 -3.90045 -10.0815
1616 5.59088 -4.0291 -8.92365
1662 5.52995 -3.49802 -8.07855
1714 4.03737 -3.66464 -9.98748
954 4.91161 -3.81177 -6.82406
1421 4.01478 -3.12271 -6.88506
364 4.66574 -3.27146 -7.62942
1031 2.15834 -3.26905 -9.77248
1423 6.08701 -4.11962 -6.43825
543 2.16138 -3.02584 -7.59392
289 6.31316 -3.03086 -8.48861
168 6.6808 -3.641 -9.52959
515 9.17994 -3.67962 -7.92695
738 9.67431 -3.66638 -7.00112
1303 7.60227 -3.97165 -7.75888
180 8.64564 -3.26914 -7.18807
1272 7.02578 -3.32358 -10.4403
1411 6.533 -4.06282 -8.5901
1420 6.76124 -3.43501 -7.69122
1787 7.67651 -3.69411 -6.80105
1750 6.7716 -3.39336 -6.49999
1698 7.40792 -3.37771 -8.89562
1790 8.16577 -3.3054 -8.24724
1674 10.0746 -3.03798 -7.91671
8 1.1777 -1.70178 -9.23575
139 1.62806 -1.67549 -8.3433
235 -0.832148 -1.22192 -7.21967
506 -0.99154 -2.74718 -9.67609
511 -1.05109 -1.45938 -9.47331
1766 2.00874 -2.82381 -6.62654
709 0.475096 -2.5079 -8.91391
832 1.30815 -2.62653 -8.37361
840 -0.132078 -1.81357 -9.30021
1874 -0.805883 -1.81208 -8.56131
1028 0.256171 -1.36975 -7.19078
1224 1.02525 -1.84097 -6.75899
1227 -1.72037 -1.27543 -10.3676
1283 -2.05003 -2.70555 -10.498
1417 1.58129 -2.21633 -7.50348
1868 0.514064 -1.62174 -10.6422
1634 0.6485 -2.79702 -7.64165
1854 0.677125 -1.70275 -8.03497
1134 1.55979 -2.45732 -9.76782
487 1.3679 -1.40172 -10.1705
464 2.00046 -1.62819 -6.69863
380 1.94858 -1.06534 -9.26185
1382 0.416786 -1.12783 -9.77821
98 5.49635 -2.45587 -8.53316
121 3.89263 -2.81233 -10.5431
1642 4.42446 -2.16714 -6.79148
798 3.63429 -1.04916 -10.0521
265 5.57509 -2.05159 -10.3786
277 3.04339 -1.22524 -7.57558
1615 3.5691 -2.32255 -7.28635
312 2.6269 -1.64614 -8.3814
1273 2.49635 -2.21805 -10.6808
441 5.08947 -1.57258 -7.24322
1735 4.56546 -2.19785 -8.79125
530 6.08511 -2.84245 -9.44377
242 5.55382 -1.02152 -6.49302
1999 3.98692 -1.52353 -7.71843
599 2.16719 -2.61067 -8.8852
632 4.63074 -2.28513 -7.79016
641 2.70036 -1.3257 -10.2783
647 3.79933 -2.96119 -8.02065
652 5.14659 -2.85113 -6.67647
1644 6.08734 -1.02141 -10.34
807 2.58941 -2.09016 -7.36167
1665 5.55843 -2.56264 -7.54084
957 5.16399 -2.44089 -9.55435
1032 5.26174 -1.27435 -9.83263
1045 3.62488 -1.15277 -8.57362
1073 5.95217 -1.85431 -9.36934
1948 4.451 -1.85385 -9.93751
1828 2.92369 -1.2867 -9.27387
1194 3.58856 -2.40641 -8.82935
1167 4.43726 -1.23791 -9.15035
1253 3.0646 -2.90497 -9.98882
1335 5.81758 -1.53993 -8.29286
1827 3.76242 -1.82105 -10.6748
1727 2.49001 -2.10077 -9.68251
1757 6.03921 -1.2742 -7.33625
1510 3.81012 -1.30528 -6.75876
1536 3.48178 -1.983 -9.72881
1574 4.82819 -1.40289 -8.2451
1684 4.2121 -2.76202 -9.5942
1589 2.86564 -2.61056 -8.16958
1633 2.84683 -1.11033 -6.57451
137 9.00039 -1.43678 -6.91078
1437 6.58628 -1.98159 -7.83022
1974 7.5548 -1.86093 -10.1377
481 9.68075 -1.66733 -7.60628
554 7.35484 -2.58417 -6.56915
601 7.20464 -2.65791 -8.2319
666 8.47778 -1.75721 -9.74938
687 9.47103 -1.89662 -8.5567
446 9.95063 -1.48334 -6.5985
963 7.68089 -1.41481 -9.25181
986 8.51407 -1.67025 -8.73799
1063 6.82565 -1.95465 -8.89293
491 8.49896 -2.29621 -7.00971
1384 7.63292 -1.90933 -7.32534
1446 7.35067 -2.73612 -9.69911
1520 9.97439 -2.41857 -6.95174
1911 7.91942 -2.48389 -8.91628
1587 7.61302 -1.74892 -8.31169
1609 8.34318 -2.35402 -7.99575
1614 9.24445 -2.567 -7.61868
264 6.45812 -2.67325 -7.11885
1682 8.67708 -2.73485 -9.5187
1537 7.05488 -1.12897 -7.59914
1954 6.97135 -1.09158 -9.87779
1775 7.74125 -2.91717 -7.42905
1852 8.3849 -1.32253 -7.69871
1892 10.397 -1.5949 -9.15687
1809 6.76536 -1.76022 -6.85171
1817 9.41447 -2.04115 -9.54454
1247 6.54719 -1.94961 -10.1674
1231 10.0567 -1.11258 -8.34974
747 8.05608 -1.53266 -6.50133
1632 11.3547 -1.82743 -6.71811
1147 10.9107 -2.72166 -6.77436
533 -3.35119 0.191611 -9.13151
1244 -3.03011 -0.951272 -10.0236
1268 -2.71248 -0.624681 -7.88796
1816 -2.49337 0.276346 -9.76747
1207 -2.3406 0.78505 -8.27055
110 1.2201 -0.8135 -8.04242
1075 1.81843 0.0378929 -7.27011
215 -0.490999 -0.56074 -9.17626
226 -0.624735 0.474877 -7.02878
330 0.886328 -0.322695 -7.23764
1754 -0.213154 0.63052 -7.92675
1438 -1.79378 -0.947655 -9.03396
383 1.99015 -0.622539 -10.2454
409 1.44178 0.733565 -7.99365
485 1.77178 0.112712 -9.6038
1242 1.20215 0.312425 -10.401
1571 1.54255 -0.71905 -6.58743
731 0.169479 -0.729044 -8.44453
762 -0.0067644 0.536099 -10.1756
784 -0.0382038 -0.316542 -6.85667
1995 -1.55007 0.48147 -9.5065
906 0.600064 -0.123363 -9.73205
1989 1.72296 -0.206015 -8.65727
972 -1.09624 -0.593657 -9.97178
996 1.32617 0.682557 -6.68537
1832 -0.977267 0.338536 -10.3136
1137 0.971934 -0.742937 -9.04095
1695 0.72732 0.051891 -8.15128
926 0.878824 -0.620628 -10.5587
1412 -1.43963 0.713747 -7.84257
1433 0.633564 0.733796 -7.40485
1441 1.04886 0.459249 -9.00608
1442 -0.154376 -0.475143 -10.2862
1533 0.0579267 0.311788 -9.01323
205 2.11352 -0.910488 -7.38572
12 3.99106 0.938839 -7.51036
75 5.1286 0.039425 -8.42402
147 2.93226 0.703453 -6.65891
1850 4.24743 0.621081 -9.59001
923 2.4172 0.224364 -10.5621
1144 3.34815 0.727623 -9.1659
452 5.89388 0.678688 -10.1049
459 3.9214 0.7693 -6.52732
678 6.33581 -0.966681 -9.11602
617 2.60113 0.0715789 -9.04669
648 5.34325 -0.8506 -8.92841
651 6.42178 0.785076 -9.26239
658 2.34588 0.314037 -8.07335
1083 2.17394 0.95312 -8.84616
844 3.26995 0.686149 -8.15521
503 2.56812 0.832471 -9.78278
927 3.51159 -0.332282 -9.13384
1388 4.99722 0.325766 -10.3721
1043 4.99512 -0.653919 -10.593
1056 3.42417 0.458085 -10.1401
1097 4.21218 -0.23528 -10.1098
1129 2.90593 -0.375123 -9.92834
1998 5.53815 -0.313409 -9.82567
1287 4.36408 -0.607228 -7.85129
1347 2.90953 -0.308096 -7.20027
1392 4.72914 0.269178 -7.53846
1395 2.52514 -0.657344 -8.26393
1431 4.50693 -0.240675 -9.15454
1436 5.423 -0.143877 -6.95306
1445 3.86698 -0.0287229 -7.12897
1451 4.1822 0.359747 -8.40064
938 6.3097 -0.690668 -8.10186
1591 5.75756 0.825366 -8.51594
1595 3.4417 -0.299743 -8.08498
1613 5.96522 -0.0514587 -8.96074
1971 5.20177 0.509636 -9.30331
1641 5.89158 0.159493 -7.7824
1733 6.40863 0.56976 -7.03138
1652 5.41096 0.860487 -7.10751
1745 5.36111 -0.693384 -7.7854
1756 4.63226 -0.753283 -6.89739
1836 8.61826 0.872488 -6.53966
170 10.1457 0.972058 -7.88449
177 7.67871 0.700188 -8.6472
218 9.9172 -0.742321 -9.36397
1994 7.59972 -0.410873 -9.46259
253 8.01917 -0.976005 -10.1729
283 6.52397 -0.41886 -7.12726
1820 7.39578 0.412514 -7.00317
385 7.35353 0.629227 -9.58997
423 6.75112 0.610334 -8.02303
428 6.83471 0.672279 -10.4437
486 9.04133 -0.533973 -7.45418
535 9.32382 0.311677 -6.97262
577 7.82357 0.987315 -7.70044
558 10.2821 0.0271182 -6.99865
636 7.66751 0.0547427 -10.3457
642 9.51091 -0.585598 -6.57278
675 8.35894 0.147769 -9.12848
707 8.49236 -0.831304 -9.28164
1625 9.82792 -0.000908218 -10.0641
835 8.35305 0.130771 -7.15537
1291 7.63943 -0.557114 -7.02367
964 10.2799 -0.90811 -7.35243
916 8.51302 -0.644249 -6.54443
1103 6.95346 0.0436818 -8.85002
1109 8.6129 -0.105422 -10.0619
1148 10.1332 0.531543 -8.9377
1154 6.87381 -0.469326 -10.6545
1181 9.41665 0.293041 -7.96797
1731 9.17428 -0.93108 -10.0062
1189 8.4321 0.282538 -8.1404
1250 6.56791 -0.180348 -9.74763
1236 10.2892 -0.188479 -8.04667
1696 9.32546 -0.093434 -8.8857
1896 9.33455 0.678625 -9.52117
1297 9.00535 0.97934 -8.57145
1321 7.16979 -0.89104 -8.57013
1340 7.36407 -0.170748 -7.9039
1391 8.11692 -0.636742 -8.37531
1894 9.07607 -0.918995 -8.37876
507 10.9996 -0.891738 -8.07244
1064 12.3419 0.556219 -7.04416
1311 11.7127 -0.258973 -7.34967
365 11.3948 0.466184 -6.73614
664 11.0067 -0.609202 -6.73412
84 11.0101 0.383547 -7.65546
984 10.9391 -0.0805075 -8.79898
708 0.638427 1.19822 -10.5568
478 1.06049 1.87788 -9.95687
556 -0.750963 2.41276 -9.02437
569 1.47084 1.77714 -7.28578
1939 -0.804932 1.48526 -7.88645
616 -0.0606027 2.04085 -8.25698
691 0.738619 2.8221 -10.0259
756 -0.743435 1.64973 -10.6582
758 -1.22289 1.41375 -8.81461
759 1.63357 2.76049 -7.45792
1890 -0.449759 1.32921 -9.75768
772 0.540217 1.11879 -9.55951
892 0.117739 2.00241 -10.2662
1779 0.510952 1.64595 -7.01381
1282 1.79218 2.50375 -8.42401
1402 2.00897 1.96235 -10.2836
140 1.95296 1.93738 -9.23231
1502 0.319055 1.1728 -8.57685
1546 0.241309 2.5145 -7.42964
590 1.61187 1.09817 -9.66039
1638 1.69833 2.75161 -9.75396
1647 1.04085 2.30622 -9.05351
1675 0.118412 1.96725 -9.23807
1806 1.28274 1.39142 -8.72975
1703 0.923241 2.05596 -8.07469
512 1.84488 1.0413 -10.6368
1627 4.80251 1.43198 -6.55692
1773 5.20482 1.80213 -7.39422
1504 4.00281 1.30412 -8.67612
163 5.01538 2.77046 -7.2222
609 6.03822 1.35059 -7.71266
243 2.87073 1.49571 -10.4845
250 5.32142 2.24421 -9.83717
254 5.43635 2.20858 -6.51036
1607 2.89704 1.80706 -9.53479
769 2.45108 2.9421 -10.5853
303 4.2281 1.93925 -7.19915
347 3.79088 1.42816 -9.96423
405 6.09188 1.66506 -10.1087
417 3.64092 1.96925 -8.00792
448 3.2986 2.32391 -7.13761
450 2.73236 2.78795 -9.63815
466 4.75302 1.95512 -9.04237
477 2.49615 2.33653 -7.73393
1812 2.18557 1.39688 -7.87736
665 5.66869 2.76618 -7.9791
696 3.07561 1.33572 -7.42026
786 2.77715 2.51325 -8.67772
818 5.49711 1.86061 -8.38108
1539 5.99757 2.33388 -9.10598
732 4.85104 1.09362 -8.18996
1618 4.78996 1.3999 -9.90449
1016 2.94223 1.53253 -8.57442
1062 5.57362 1.43771 -9.28451
1556 3.78041 2.12946 -9.19505
1126 3.91052 2.81124 -8.47518
1927 6.19469 1.60319 -6.75124
1192 3.38141 2.32226 -10.2418
1277 4.34421 2.39859 -9.98269
1360 4.60829 2.21045 -8.08514
1428 6.29566 2.55655 -7.11009
1440 4.05467 2.8848 -7.47446
1185 8.81494 1.01346 -7.57245
45 7.19042 2.22082 -6.45253
1767 6.46258 2.17138 -8.10336
182 8.05036 2.47201 -6.89681
1649 9.60284 1.30179 -7.02849
339 7.15773 1.48212 -8.30594
354 9.20922 1.82565 -8.00241
390 8.30534 2.53623 -9.08378
397 8.58404 1.94206 -9.98651
437 9.86788 1.47106 -8.70518
526 6.61466 2.48611 -9.87958
1513 8.42265 1.08565 -9.46938
622 7.73582 1.81236 -9.47317
640 6.77857 1.71695 -9.20089
653 7.22859 2.3016 -7.44845
1839 8.26579 1.88381 -7.67602
688 8.1888 1.55918 -8.61844
859 8.63809 2.76679 -10.5493
922 7.64291 2.35497 -8.35691
1098 9.57407 2.48687 -9.61755
1114 7.55953 2.7673 -9.71172
1886 6.96403 1.34397 -7.33489
1165 6.91521 2.6993 -8.95001
1248 9.91917 2.41982 -8.38046
1802 7.77576 2.24958 -10.5459
1858 7.76337 1.35304 -6.73468
1432 7.08566 1.6108 -10.2057
241 7.89936 1.03959 -10.3204
1486 8.9824 2.08575 -7.00861
1491 10.3029 1.87997 -7.44752
1859 8.91228 1.06658 -10.3411
1549 9.7658 2.68163 -7.18509
1762 9.0228 1.8374 -9.09411
298 10.6229 1.04042 -7.00852
872 10.5359 1.8651 -6.44979
57 11.0573 1.36651 -7.99961
561 11.9064 1.34835 -7.4718
871 11.4024 2.27871 -7.16226
1301 11.4363 1.45538 -6.59573
682 10.8323 1.46411 -8.96907
344 1.92732 3.90278 -9.08648
1405 1.13212 3.29854 -9.13685
498 -0.10703 3.22665 -10.3741
704 1.74517 3.70568 -10.0498
1150 0.575323 3.78481 -9.81028
1499 1.35419 3.50255 -8.18341
1528 0.153691 3.27331 -8.93182
1940 5.88587 4.61631 -8.21136
1012 4.50984 3.576 -6.91318
142 2.73412 3.75139 -9.90601
419 6.11265 3.66119 -8.02098
813 3.08908 3.98137 -8.48077
898 3.98152 3.96455 -9.21341
951 3.42172 3.29449 -10.4724
1489 4.04835 3.8737 -8.21979
78 5.6148 3.56832 -7.1587
1691 2.32639 3.34647 -8.35767
238 4.89551 3.28295 -9.73277
62 3.68784 3.06483 -9.53624
109 4.52517 3.1916 -10.6571
1673 3.15709 3.07409 -7.87231
1952 2.83406 3.15634 -6.8356
60 4.77395 3.19715 -8.09483
259 5.38225 3.08922 -8.88106
1115 5.67448 3.01978 -10.3604
522 6.72187 3.47707 -9.79906
1992 8.21986 3.93422 -7.01526
213 9.43764 3.30157 -7.90003
1119 6.61314 3.6245 -7.14868
1135 6.8928 3.80251 -8.68765
598 7.73687 3.30515 -10.5359
1371 7.90712 3.29892 -8.55438
1309 7.53335 3.24844 -7.25695
1460 8.80487 3.07306 -7.1602
115 6.91209 3.06049 -8.01757
1683 6.18313 -3.45462 -5.69386
646 5.64381 -3.49582 -4.85281
1105 5.28233 -3.02193 -5.65838
68 7.82849 -4.12477 -4.78643
313 10.0273 -4.01427 -3.98527
359 9.59923 -3.95397 -4.94972
700 6.62324 -3.68375 -4.76335
755 8.13508 -3.61231 -2.43324
766 9.10277 -4.22287 -3.6662
804 7.89742 -3.70635 -3.40002
949 9.04723 -3.66228 -2.84002
1620 8.72552 -3.79788 -4.489
1666 10.35 -3.66497 -5.54372
1400 7.30527 -3.58759 -5.57241
175 8.93592 -3.72579 -6.32937
1470 9.18548 -3.21426 -5.50715
867 9.88354 -3.08457 -6.21132
774 8.22377 -3.34019 -5.26397
961 10.3103 -3.36481 -2.54422
1793 7.06099 -4.33737 -6.34195
579 9.60376 -3.1239 -4.15216
1387 7.25044 -3.04337 -2.16137
1670 8.22957 -3.01813 -6.31412
1871 7.90906 -3.00822 -4.11726
1884 10.3333 -3.00827 -3.47818
1305 11.1496 -3.41893 -3.88422
366 11.2395 -3.16414 -2.85455
1535 1.6495 -1.80973 -5.78003
581 -0.253162 -1.59613 -6.36003
19 5.27262 -1.95167 -6.25852
149 2.9272 -1.67152 -5.51602
337 2.42818 -2.53792 -5.49907
381 4.37581 -2.7927 -6.01286
451 3.71228 -2.62303 -5.28174
1949 4.42509 -2.19391 -4.49395
1889 5.68595 -2.31119 -3.04228
685 6.05409 -1.82645 -3.87164
729 5.95268 -2.7294 -4.28964
911 6.01145 -2.62465 -6.225
941 5.29428 -1.6195 -4.51028
990 4.99126 -2.1288 -5.31559
839 3.34915 -1.06157 -4.56561
1153 5.18299 -1.53124 -3.41469
1211 6.3167 -2.01745 -4.89015
1807 3.89843 -1.64376 -5.19619
1514 4.46949 -1.40814 -6.01402
768 5.98516 -1.47899 -2.57545
1375 6.21724 -1.7245 -5.84107
1677 3.70714 -2.05402 -6.10402
306 4.28762 -1.23038 -4.26443
280 5.43314 -1.23612 -5.4581
1021 6.37785 -2.36526 -2.32233
1984 2.75978 -2.20988 -6.38362
715 6.11707 -1.05169 -4.5122
10 9.05985 -2.47233 -6.20128
77 7.2987 -2.03203 -2.63054
107 7.10596 -1.24429 -5.14034
602 10.276 -1.20986 -2.46376
1902 10.6226 -2.0125 -5.10982
214 8.04519 -1.48034 -5.5029
255 8.57359 -1.49983 -2.71093
279 6.83271 -2.45634 -3.90116
393 9.36364 -2.24317 -3.66322
1975 8.78159 -1.17209 -4.90143
1482 7.4468 -2.83448 -3.20848
1529 9.79072 -1.61565 -5.49764
605 9.35398 -1.84681 -2.17329
583 7.86037 -2.4606 -5.57063
631 7.61899 -1.92007 -3.57512
703 8.8217 -2.08262 -5.3121
726 10.4536 -1.57657 -3.37669
763 9.51226 -1.43277 -3.06927
457 8.28347 -1.17334 -3.6105
794 9.2325 -1.28086 -4.01649
855 6.44195 -2.95976 -3.1306
694 6.75536 -1.42579 -3.21092
881 10.4524 -2.24844 -4.11727
1722 9.07913 -2.68074 -2.65163
753 8.09696 -2.61402 -2.47607
1023 7.16331 -2.8422 -4.76241
1036 9.60023 -2.04472 -4.61435
1139 8.78166 -2.80905 -4.62631
1837 10.1908 -1.301 -4.30113
702 6.9471 -1.50561 -4.18874
1199 8.44362 -2.54361 -3.41136
1315 7.21763 -1.80215 -5.96164
1324 10.3676 -2.21269 -6.0557
1345 8.50811 -1.94291 -4.20814
1801 7.65214 -1.9708 -4.7241
1791 6.86241 -2.70101 -5.70548
1004 7.64634 -1.11859 -2.84179
1410 9.97538 -2.29684 -2.87369
1413 10.0109 -2.80347 -5.11997
1736 8.94265 -1.29855 -5.92204
876 11.1032 -1.08307 -3.95496
396 12.6828 -1.68384 -4.92391
527 11.3794 -1.89642 -4.46684
608 11.9305 -2.87175 -3.58304
1959 11.1607 -1.21388 -5.95274
884 11.5263 -2.08064 -5.54301
887 12.4835 -2.67879 -2.27358
1024 11.935 -1.8 -3.64108
1111 10.9118 -1.98144 -2.46089
1127 12.229 -2.42211 -4.42488
1265 11.904 -1.87358 -2.39877
1372 11.3745 -1.27551 -3.00037
1203 12.0964 -1.23908 -5.60088
1367 11.1221 -2.32018 -3.37791
1721 13.3478 -1.67651 -3.27579
1794 12.4862 -1.23335 -3.02874
546 10.928 -2.8962 -4.71232
439 13.4344 -2.12814 -2.21727
1584 10.9901 -2.91484 -5.7102
735 12.7078 -1.07201 -4.13333
83 -0.125265 0.64162 -6.17865
779 1.81534 0.066649 -6.03223
1631 0.749266 0.0204014 -6.20714
333 0.603846 -0.959891 -6.34083
76 5.67594 0.234762 -3.48236
200 5.81524 0.527454 -5.26226
233 3.72193 -0.313931 -5.11522
1899 6.41171 -0.549808 -5.32439
288 5.49342 -0.605319 -2.69305
860 2.76649 -0.179145 -6.219
342 4.5001 -0.521241 -2.77177
471 5.12406 -0.709475 -4.09434
473 5.93833 -0.888677 -3.54249
531 4.54491 -0.879473 -5.16855
710 4.14593 -0.238015 -6.19182
1715 3.76239 -0.253375 -4.09809
1953 4.38694 0.420275 -5.47887
1498 4.1276 0.836716 -3.891
841 3.55625 -0.970293 -5.85142
1914 6.2727 0.511268 -4.37319
856 5.08593 -0.388725 -5.86769
1831 2.48626 0.758559 -5.76557
896 4.59106 -0.0443867 -4.61732
903 5.43538 0.397906 -2.52559
944 6.034 -0.167973 -6.16507
1015 4.60973 0.00262709 -3.61648
1813 5.49909 -0.370874 -4.95723
1124 4.86618 0.883433 -3.2185
1171 3.42169 0.405895 -5.74107
853 5.87492 0.81705 -6.22282
1452 2.77657 -0.630367 -5.32556
1637 3.56605 0.573086 -4.68059
1477 5.27959 0.615939 -4.31754
1174 4.85449 0.443287 -6.37554
71 6.34729 0.210192 -2.16107
24 7.39077 -0.735982 -3.72962
27 7.00821 -0.314841 -4.55829
1926 8.57932 0.212152 -2.3082
1915 9.19687 -0.799592 -2.363
136 8.96441 0.557117 -3.19303
158 9.4274 -0.595693 -5.40156
272 10.2409 -0.0595628 -5.17735
1742 6.81228 0.602891 -5.36631
362 9.52865 0.488468 -4.17893
430 10.0394 -0.657812 -3.41773
1142 6.65451 -0.942834 -6.28564
480 7.37701 -0.238825 -2.45029
529 8.12237 -0.166692 -3.11297
547 8.67742 -0.467943 -4.19974
550 8.00387 0.152054 -6.2187
557 9.97854 0.699786 -6.32404
1636 7.76534 0.79018 -4.82449
669 7.88159 -0.773532 -4.72121
1121 9.40769 0.772237 -2.31502
1573 7.6085 -0.763364 -6.04571
720 9.07474 -0.432097 -3.28385
1864 9.93695 0.342102 -3.27797
808 8.44016 -0.499675 -5.55779
837 7.83322 0.0638851 -4.14061
875 9.05545 0.134354 -6.02591
373 10.6123 0.81771 -3.84109
1778 6.85129 0.521682 -2.96655
1072 9.60671 0.681722 -5.3964
1131 6.58504 -0.136617 -3.67044
1923 10.7137 0.0811389 -6.04695
1182 10.0207 -0.243592 -2.4723
1219 9.64909 -0.471151 -4.43439
1269 7.12994 0.736207 -3.91006
1295 7.57615 -0.0472915 -5.337
1310 10.2495 -0.799069 -5.93334
1389 10.5552 -0.101739 -4.22955
1401 8.87937 0.161277 -4.94976
1457 6.48963 -0.567155 -2.77303
1592 7.01308 0.0314488 -6.16174
1600 8.60644 0.859336 -4.28814
1880 7.7252 0.696275 -2.51318
1921 8.02644 0.773232 -3.46343
72 10.9712 -0.302927 -3.34364
129 11.4453 0.792861 -3.28892
224 11.0486 0.715388 -4.73807
275 12.0059 -0.794529 -2.26955
1709 12.3226 0.528244 -5.9943
411 12.4212 0.302673 -3.67339
442 11.793 0.839939 -2.35264
555 11.6704 -0.239711 -6.08375
1699 12.9234 -0.672193 -5.02451
1970 10.8542 0.407129 -2.5274
877 11.0422 0.962318 -5.70694
971 12.6341 -0.476953 -5.96162
992 11.2898 -0.157081 -5.16279
1661 11.8752 -0.00925133 -2.87467
1263 11.9479 -0.651129 -3.63802
1308 13.087 0.260472 -4.41832
332 11.0402 -0.564247 -2.38249
1414 12.9087 0.962173 -3.10135
1419 11.5089 0.151153 -4.05316
1466 12.8962 0.84064 -5.21015
1602 12.8256 -0.30807 -2.57129
1814 12.1951 -0.0428012 -4.7538
1648 12.7511 0.613537 -2.17746
1664 11.7303 -0.938205 -4.72029
108 10.7339 -0.983864 -5.07829
1604 1.6306 1.56136 -6.318
9 5.8178 1.19038 -3.20593
97 5.51723 2.10993 -3.45909
256 4.52593 2.08357 -5.06493
336 2.66283 1.75132 -5.97721
404 4.44381 2.25055 -6.07324
578 6.29784 2.36746 -6.02619
353 3.56412 1.69545 -6.40674
773 4.86523 2.58136 -4.26677
888 5.45062 1.47822 -4.80633
945 5.41659 2.18663 -5.51098
1453 6.15134 1.5052 -4.09463
1588 6.1521 1.50108 -5.5485
1621 5.95139 1.19276 -2.20554
1723 4.73878 1.66066 -3.89745
1471 3.21213 1.2916 -5.27942
1988 4.13625 1.37429 -5.65233
125 5.8644 2.5473 -4.28866
905 6.32325 2.98665 -2.16944
979 6.0174 2.99531 -5.29263
1039 4.52165 1.11064 -4.76818
1781 3.47272 2.67361 -6.21699
806 6.31496 2.72641 -3.41409
1374 5.09754 1.09956 -5.66138
48 7.12877 2.70731 -5.57953
49 10.1087 2.24739 -2.66931
1996 7.85037 1.04162 -5.78845
144 7.98119 1.75511 -5.07501
316 8.94016 2.09588 -2.26887
236 8.13947 1.9654 -6.03943
1281 8.12001 2.79556 -5.48156
247 8.77914 2.71024 -6.22871
278 7.55693 2.57271 -4.68589
307 9.56846 1.4795 -3.92893
1639 9.69825 2.89447 -4.38788
1206 10.3699 1.17796 -2.94037
508 6.43031 2.10844 -2.63642
668 8.99024 2.19101 -4.32774
131 6.9344 1.33036 -4.6913
805 8.20816 2.49113 -2.8232
1925 10.1353 1.11584 -4.66757
823 9.85647 2.34164 -5.22839
825 6.77367 1.45585 -3.31424
1997 10.1833 1.4728 -5.60029
1956 6.89544 1.01719 -6.28117
894 7.74439 1.51337 -4.13432
895 8.61267 1.59934 -3.61609
1005 8.70382 1.09225 -5.26987
942 7.28568 2.5669 -3.21924
1861 7.12939 1.70747 -5.59662
983 8.07904 2.42227 -3.81269
1462 6.93652 1.29798 -2.34091
1838 8.87698 2.16252 -5.32059
1035 7.27321 2.45638 -2.22549
1052 9.73531 2.4177 -6.21814
1601 9.12511 1.63052 -6.12982
1928 8.51826 1.28384 -2.67221
1312 6.53138 2.20813 -4.95198
1605 9.07957 2.42865 -3.30944
1143 10.0645 2.30714 -3.66633
1581 7.73244 1.6753 -3.14812
1190 9.44303 1.55208 -2.93994
1463 6.93941 2.11924 -4.04365
1777 13.2682 2.17952 -2.9263
124 12.8748 2.00492 -3.82897
134 11.632 2.44881 -3.87915
196 11.2491 1.95939 -5.75269
202 11.5753 2.47716 -4.87713
219 11.9358 1.11048 -5.27925
257 10.922 2.62456 -3.12797
300 12.2227 2.166 -5.65542
474 12.0633 1.56298 -3.44717
681 12.4043 1.46212 -6.34391
722 11.2252 1.69511 -2.918
782 12.5344 1.74333 -4.73266
1331 11.6792 1.38958 -4.35391
1071 12.4873 1.6816 -2.54934
1824 10.8911 1.77771 -3.85669
1929 11.8681 2.44498 -2.76237
1407 12.4489 2.85242 -3.46712
54 10.8388 1.80108 -4.85477
1629 10.7334 2.64508 -4.32841
821 5.84422 3.98005 -5.27779
1183 5.98078 3.78324 -6.25324
1296 4.20352 3.18256 -5.76213
672 5.2803 3.06556 -5.96781
102 7.56737 3.68998 -5.47922
106 8.25993 4.26633 -3.32085
973 9.09006 3.93728 -4.55475
1084 8.79881 3.70994 -6.21641
1359 10.0664 3.88295 -4.34533
1728 6.89654 3.53406 -3.31726
1748 9.71603 3.49799 -5.86848
1965 7.1751 4.09245 -4.46912
1092 7.58648 3.3066 -4.00746
1169 10.3575 3.21345 -5.06869
1191 6.92369 3.45261 -6.21382
246 8.80778 3.28638 -2.73988
345 10.5298 3.42015 -3.58961
701 9.55405 3.30364 -3.40499
1906 7.84935 3.39682 -3.04695
1404 9.11228 3.12199 -5.16556
1223 7.90217 3.28098 -6.32806
150 10.2738 3.23314 -2.64119
1830 8.22575 3.47695 -4.75734
1945 6.71797 3.0704 -4.44332
995 8.77864 3.1142 -4.00727
1050 11.2556 3.49612 -4.27316
1256 11.2603 3.4028 -2.59896
1707 9.7517 -4.05895 -0.794092
582 9.60514 -4.14674 0.516917
593 10.0907 -3.8604 1.36446
882 7.29535 -3.39234 -1.06949
1065 7.61322 -3.71251 -0.171991
1093 8.61264 -3.65128 -1.55553
1403 7.69821 -3.03017 0.553922
1568 8.79691 -4.02304 2.13251
166 10.5893 -3.84146 0.498175
408 9.03963 -3.58893 -0.10354
545 8.12673 -3.65848 1.4559
1090 10.2252 -3.37973 -1.35479
1743 10.6008 -3.48004 -0.433729
637 9.12315 -3.50008 1.34514
455 9.45411 -3.32937 -1.98941
39 8.31163 -3.22964 -0.700236
1765 9.68525 -3.15338 0.59441
994 9.29747 -3.18833 -0.982689
1492 9.72422 -3.33915 2.13474
314 11.4988 -3.06902 -0.255366
600 11.9818 -4.05492 -1.19269
733 11.0589 -4.21417 1.29836
1891 11.2154 -3.41327 -1.21969
1356 11.5545 -3.86659 2.0943
1362 12.4435 -3.08741 0.0719474
1760 11.842 -3.16419 0.881399
1140 10.8612 -3.14217 1.16249
299 6.24819 -2.02584 -1.17488
1930 6.41157 -1.72154 0.633523
34 6.71541 -1.80758 -0.318254
989 10.0529 -1.28004 1.57294
1937 10.1302 -1.64568 -1.57603
1981 8.56409 -1.91333 0.658982
195 10.4712 -2.18817 1.57174
1575 6.74951 -2.68983 0.890266
268 8.89495 -2.56975 -1.6573
297 8.22025 -1.84983 -1.84312
1865 9.32681 -1.25959 0.889981
343 6.5369 -2.96437 1.8983
420 8.62373 -1.97044 -0.899968
1761 7.34127 -1.44209 2.10234
465 7.59284 -2.03427 -0.800944
470 6.67142 -2.01291 1.62207
1333 8.1844 -2.43781 -0.102989
1725 7.37282 -2.10199 0.37509
1655 6.97456 -1.00594 0.220322
604 7.92394 -2.73555 -1.48585
128 6.94438 -1.13064 1.2393
1102 9.6837 -1.11518 -0.855945
1302 9.65713 -2.15464 0.596003
1157 8.00047 -1.16318 -1.14991
1716 8.13117 -1.44389 -0.199107
833 8.69456 -2.95319 0.586739
870 10.2164 -2.57142 -1.94304
880 7.88474 -1.96258 1.44394
930 9.83805 -2.34887 -0.928532
934 10.4492 -2.62485 0.207924
1020 8.93235 -1.23562 -1.50367
392 7.33917 -1.23149 -1.89686
1882 9.21219 -2.58884 -0.186948
1022 10.1078 -1.72453 -0.186147
1076 7.50013 -2.88203 1.52276
1427 7.79242 -1.26869 0.731275
1857 8.88581 -1.81496 1.60058
1132 8.50729 -2.73819 1.54479
1138 10.5093 -1.6491 0.730491
1797 7.10684 -2.18655 -1.66148
1233 9.11638 -1.59493 -0.111449
1260 7.09617 -2.78138 -0.303654
1285 9.52058 -2.5928 1.48439
94 11.3051 -1.33635 -1.80515
157 13.1006 -1.29812 -0.488274
921 13.2554 -1.87807 2.02398
463 11.8883 -2.01018 0.641531
780 13.4969 -1.74736 -1.28893
908 12.2193 -1.89082 -0.729912
997 11.5736 -1.5366 1.4639
1123 12.8131 -1.83888 0.302144
1188 12.2541 -2.26499 1.53711
1246 12.8581 -2.87484 2.04987
85 11.19 -2.01542 -0.0740403
624 11.3363 -1.15466 0.413221
1196 11.3527 -2.59985 1.84386
1393 12.9133 -1.41904 1.20415
1590 12.7832 -1.38639 -2.05796
1916 11.318 -2.74035 -1.95219
750 10.8046 -2.58718 -0.834506
1579 10.8936 -1.59648 -0.932106
1051 12.3377 -1.28514 2.05767
1025 12.1636 -1.09139 -1.32796
1769 5.11433 -0.449739 1.42162
135 5.78842 0.0107723 -0.619676
1511 5.97261 0.0303081 1.17119
519 5.96586 0.45661 0.266778
209 5.6843 -0.260499 -1.57898
1562 5.96743 -0.968318 1.36958
1322 6.12369 -0.93115 -0.522989
435 6.01823 -0.639005 0.427345
1386 6.08422 0.305107 2.12613
584 6.12395 0.726628 -1.33465
1730 6.38813 -0.926741 -1.84566
2 7.84648 -0.337453 -0.0670314
6 9.51609 -0.689713 0.0327419
32 8.76306 -0.79135 -0.617203
36 6.594 0.942534 -0.479211
212 10.5585 -0.730627 -0.56271
104 6.65876 -0.132255 -0.148693
1425 9.47268 0.614688 1.39228
130 7.32471 0.313893 -0.74549
1686 9.69184 -0.0711778 2.11653
340 10.2852 0.746595 1.95774
1705 7.02904 -0.178983 0.780349
1792 7.60174 -0.307015 -1.47841
1763 6.59348 -0.224234 -1.16432
1823 8.02971 0.137898 0.786469
412 9.84279 -0.025935 -0.639712
1172 10.1471 0.423819 -1.73917
449 10.4472 -0.698492 0.427654
454 8.22946 -0.759536 -2.11315
461 7.16005 0.564595 -1.69887
494 9.55536 -0.384807 -1.52742
1241 10.6842 -0.165788 2.03905
1456 8.86739 0.598397 0.496275
628 9.2826 0.535767 -1.24936
1488 8.07105 0.675782 -1.30255
659 8.5885 -0.175509 -1.38529
775 8.67017 0.206332 2.03004
802 7.89754 0.705247 -0.025835
924 6.9033 0.757531 0.453262
933 10.4973 -0.716289 -1.55886
1966 8.64646 0.190524 -0.444329
1897 8.59874 -0.779456 0.409265
1008 9.38214 0.875363 -0.314342
1044 10.5904 0.357631 0.910793
1719 9.15964 -0.874424 1.79758
1125 8.91123 -0.169905 1.13551
953 8.05604 -0.616586 1.44805
1366 10.3742 0.784838 -0.396065
1870 6.70677 0.658656 1.42835
1212 9.88792 -0.372302 1.18597
1479 7.63329 0.37203 1.66855
141 6.79955 -0.283719 1.74979
1327 9.78089 0.223687 0.339783
1680 7.08935 -0.99928 -0.772905
1266 11.4359 0.734351 -0.578104
174 12.5006 -0.186369 -1.63228
184 13.381 -0.64446 -1.75439
230 13.4335 0.405905 1.86514
143 10.898 -0.816476 1.31137
375 12.2906 -0.94053 0.206065
387 13.9839 -0.703898 1.6859
421 14.0326 -0.55687 -0.160105
429 11.0761 0.844092 -1.65582
462 11.5568 -0.739038 -0.615687
562 13.3466 -0.836564 0.511654
634 11.9356 0.0207473 -0.0874041
1552 11.3807 0.797606 0.48442
761 11.4686 -0.202525 0.767838
1826 13.1254 0.117681 -0.0323671
842 11.5152 -0.325157 -1.53564
1811 12.9964 -0.554767 1.73559
371 10.7819 0.125419 -1.02684
1029 12.315 0.249553 1.78078
858 11.5739 -0.621401 2.02156
1155 12.5848 -0.462119 -0.674823
1259 12.023 0.660054 -1.39284
1692 12.8699 0.611524 -0.863432
1877 12.1617 -0.759871 1.2246
1542 12.2774 0.384378 0.79078
1205 11.3523 0.400615 1.55659
1554 13.202 0.0444761 0.961974
1585 13.573 -0.0970597 -0.919951
1702 10.9351 0.0365389 -0.0429883
1161 5.35794 1.12409 -0.162989
123 5.91991 1.57919 -0.853652
655 5.54424 1.29232 1.69617
846 5.98677 1.83162 0.159344
826 6.05812 2.13583 -1.70867
1067 6.28152 1.47871 1.04712
1508 6.38485 2.1292 1.82728
40 10.3097 1.91724 -0.474526
47 8.53088 2.87423 1.39201
86 8.13111 2.73529 0.395991
88 9.39405 1.91473 -0.0254472
90 9.84346 2.07882 -1.72015
65 7.74227 1.08904 0.884162
165 7.14734 1.54895 1.54225
198 6.76809 1.51353 -1.37908
204 7.31198 2.54355 1.5992
222 8.16576 2.70362 -1.84745
228 8.66048 2.47421 -0.410766
229 10.2551 1.28914 -1.25073
1934 10.6559 1.63558 -2.09872
630 10.6111 1.41954 0.338996
187 7.81838 1.48787 -1.90934
384 6.9748 2.13543 0.750865
402 9.67993 2.58811 1.62304
418 9.11072 2.24728 0.873037
322 8.77134 1.26289 -1.70686
453 7.41315 2.70044 -0.298884
458 10.5114 2.59674 -1.1859
460 9.35293 1.62185 -0.979067
1758 8.00403 2.03024 1.09225
603 8.50327 1.26152 -0.593959
540 10.2944 2.08067 1.01756
585 8.5688 1.54808 0.403809
1958 10.6613 2.81771 1.58525
1651 9.55635 1.60402 1.49561
1789 6.80081 1.91861 -0.414759
741 9.48907 2.93382 -2.09852
1840 8.46643 1.91032 1.96979
1626 10.4035 1.82856 1.97887
890 7.65585 1.81285 0.0937988
937 9.0042 2.48258 -1.34922
1003 9.67412 1.18396 0.595984
1700 8.11903 2.02081 -1.11857
1094 9.66991 2.67039 -0.627725
1883 7.2014 2.40225 -1.22957
1353 6.45459 2.88539 1.1593
1054 7.51428 1.29578 -0.75018
1941 9.88693 2.6998 0.348034
1406 8.64117 1.16599 1.32508
81 12.8746 2.94559 1.21194
82 11.7156 2.89841 1.5947
315 11.465 1.82747 0.772103
348 12.6524 1.42238 -1.59791
376 12.9183 2.59688 -0.94855
399 11.3671 1.97529 1.75597
492 12.2196 1.35314 -0.699164
509 11.6471 1.76974 -2.01494
566 11.4057 1.67055 -0.213682
751 11.1206 1.78169 -1.16521
999 12.3547 2.09424 1.14231
728 13.3473 1.3098 1.44342
1364 13.0462 2.28422 -1.9174
1365 11.7914 2.89649 -1.87344
800 13.2828 1.04574 0.481074
1319 11.9582 1.1651 1.33644
1495 11.3284 2.58616 -0.609452
1783 11.8551 2.57952 0.24082
1943 12.8174 1.97007 -0.176004
1972 12.0361 2.19901 -1.19989
1074 10.8676 2.61206 -2.12955
355 12.3048 1.25021 0.291713
1531 10.8333 2.39015 0.236435
1251 10.8434 1.24547 1.29509
1010 9.92778 4.06249 -0.572533
1193 8.85055 3.80022 1.19185
1202 10.4571 4.02443 1.39421
1377 8.2753 4.11381 -1.09234
1478 8.19993 3.56116 -0.162923
1599 9.69199 4.15586 0.394638
1917 8.96383 4.18556 -0.325132
1443 8.865 3.6627 -1.81534
1960 9.89532 3.37622 -1.29905
294 8.8785 3.34881 -0.866076
1553 7.63048 3.90967 1.87008
815 7.86627 3.20317 -1.03486
1522 9.54596 3.8661 1.90744
424 10.6862 3.26909 0.689999
538 9.0192 3.19453 0.394755
1122 7.66925 3.31248 1.06906
657 10.4856 3.15481 -0.310847
968 9.75611 3.40142 1.04753
537 7.80663 3.60965 -2.07086
50 11.6951 3.93398 -1.87185
410 10.9108 3.94896 -0.744444
919 12.189 3.42269 0.662105
1924 11.3932 3.85497 1.08627
1487 12.642 3.51397 -0.661255
1493 11.4034 3.43076 -0.0259972
1800 11.1138 3.59985 2.01736
1746 10.8375 3.47202 -1.62024
1976 11.7138 3.41245 -1.01902
814 5.73351 -3.76725 4.55387
1344 6.25401 -4.27096 5.87481
850 5.71317 -3.47411 6.14341
1560 5.29242 -3.1394 5.19497
1689 6.39179 -3.00253 5.3909
948 9.0253 -4.53115 5.07225
1011 7.67474 -4.14723 3.64854
1087 7.59867 -4.05059 4.98254
1540 8.91257 -3.79797 5.8489
1784 10.2827 -3.77324 5.13685
1878 6.69718 -3.97224 3.76545
1900 7.99544 -3.44234 5.6698
1843 7.02768 -3.63935 5.82635
1913 9.68209 -4.18835 2.661
1932 8.60721 -3.6386 4.90379
528 9.17886 -3.44393 3.09986
1741 7.68751 -3.2504 3.20641
1717 8.30114 -3.43872 3.97324
765 6.71487 -3.66595 4.71693
1091 10.202 -3.0335 2.95822
1267 8.22397 -3.23681 2.36328
1654 10.5032 -3.03086 5.77954
1326 7.76805 -3.09395 4.74552
1851 7.10081 -3.08707 3.99888
1380 9.36705 -3.00989 4.73888
1450 10.5361 -4.29549 2.14692
80 9.50493 -3.00134 5.72918
607 11.2007 -3.43923 4.77036
697 10.7571 -3.41212 3.69873
1543 11.5232 -3.06261 2.72574
1909 10.7236 -3.31326 2.15242
1141 1.16016 -1.61841 6.15828
1329 2.12284 -1.87094 6.25527
153 4.97678 -2.18497 4.65496
249 4.26339 -2.8479 4.4285
372 3.36125 -1.71936 6.00157
1657 4.18587 -1.57908 4.23557
854 5.91714 -2.78849 4.46318
1815 5.5323 -2.45728 3.60172
982 5.10428 -1.63522 5.69997
1643 5.8714 -1.9825 5.05309
1082 5.0513 -1.54595 2.5024
1249 3.88926 -1.87575 5.14331
1352 4.5785 -2.49601 5.51771
1461 5.51029 -2.45039 2.60205
1667 4.28424 -1.95444 6.30511
925 5.87947 -1.61958 3.18022
311 2.5783 -1.19594 5.66587
1058 5.63444 -1.62697 4.14935
588 4.87281 -2.90905 6.37947
1078 6.04769 -1.54838 6.117
847 5.66928 -2.51204 5.87595
889 6.00169 -1.53648 2.19151
1834 4.93233 -1.19944 4.81832
1863 3.13236 -2.71489 6.03868
114 4.22547 -1.00354 5.49798
1559 5.78824 -1.0196 5.30891
51 9.89616 -2.88941 3.89927
67 7.84215 -2.00646 5.05365
1527 6.82775 -2.42775 4.69871
155 9.48654 -2.0432 6.0143
1444 8.31539 -1.23631 2.19134
325 8.71618 -1.73457 5.45694
356 6.51491 -2.79432 3.14201
389 6.5007 -2.05861 3.82903
391 9.11669 -2.27434 4.01694
394 8.31239 -2.65023 6.19092
413 7.37036 -2.32191 3.41166
484 7.88571 -1.72711 6.01291
1342 10.0621 -1.07726 4.80374
595 9.76177 -2.1268 5.05686
613 6.52439 -1.3603 4.62321
626 8.17266 -2.20987 2.36873
674 8.19859 -1.774 3.29462
727 6.77606 -1.81513 5.4868
1325 8.78735 -1.10695 3.75087
796 6.6134 -2.48042 6.21406
1876 9.04876 -2.68122 2.46653
910 9.66391 -1.93246 2.22137
977 10.3947 -2.84763 4.77553
980 7.33119 -2.70364 5.55601
1964 8.13225 -2.36486 4.1664
1608 7.29851 -2.68195 2.48151
1100 10.5989 -2.26674 3.5559
1378 9.04674 -1.46546 2.85458
1217 10.5804 -2.13802 2.56444
1503 9.906 -1.66009 3.96383
1279 7.3618 -1.73022 4.22096
1300 6.74184 -1.89905 2.75893
284 10.4922 -1.34676 3.18063
1659 10.7052 -1.89488 4.51654
1334 10.5592 -1.70387 5.4871
828 7.36237 -1.10211 5.10381
1343 8.55075 -2.692 5.22073
1957 7.28343 -1.28251 3.33034
1564 7.00088 -1.49052 6.41293
1455 8.17072 -1.22233 4.52929
1805 9.65679 -2.22451 3.1773
1523 8.52669 -2.71809 3.31806
1524 9.16324 -1.46688 4.60443
33 12.506 -1.82135 3.61675
203 12.338 -1.91136 5.77793
282 12.2514 -2.73348 3.93792
370 11.2178 -2.40268 5.20874
623 11.5439 -1.41866 5.42223
719 11.2864 -2.63613 4.18083
857 13.1619 -1.46833 2.94956
1516 11.699 -1.78489 4.5049
1108 11.5662 -2.07614 3.38935
1330 12.1039 -2.84777 5.08033
1355 13.4988 -1.86224 4.80051
1469 13.2646 -1.3 4.00746
1544 11.4765 -2.16932 6.28899
1987 12.4961 -2.13784 2.62051
1476 12.0055 -1.16597 3.04791
271 12.6088 -1.42971 4.94445
426 11.0232 -1.27842 6.26403
548 11.5706 -1.81537 2.42415
501 11.2109 -1.19887 3.85837
1598 10.7951 -1.21368 2.23686
1040 1.10644 -0.0185264 6.12785
199 1.71448 -0.796205 6.28717
64 4.06408 -0.477614 4.66363
1593 4.19907 0.990578 5.76948
154 5.2884 -0.814346 3.14339
206 4.70055 -0.765194 3.94919
35 4.85382 0.376404 6.20927
317 4.88861 0.0204712 2.74944
331 5.65168 0.786517 4.27745
416 3.33698 0.447789 5.87071
434 2.75046 0.725319 5.08991
456 2.32711 -0.223814 5.67732
472 3.41081 -0.592152 5.96607
516 5.66384 -0.593612 2.24456
541 5.41953 0.882064 2.59931
1480 6.40935 -0.852621 3.55656
650 3.92017 -0.0959229 3.75068
836 4.86289 0.761171 3.42072
1685 5.35706 -0.0299504 3.78099
913 5.02629 -0.209347 4.71574
1668 5.81228 0.237772 5.96231
1085 4.1817 0.0133441 5.55832
1526 5.05746 -0.451501 5.68688
1177 3.21556 -0.159778 5.08582
290 5.84145 -0.674975 4.37207
639 6.04866 -0.0634499 3.05953
1336 3.8924 0.504447 4.73668
1107 5.99178 0.106047 4.98743
1465 4.98109 0.633229 5.25155
1474 4.2353 -0.781425 3.0646
1059 6.40597 0.0568991 3.99278
13 9.09156 0.629809 4.29065
20 9.85626 -0.977425 2.50475
28 7.57966 0.26235 5.66735
52 7.42126 -0.666547 6.00155
56 7.17399 -0.735734 4.19023
66 7.97294 -0.324691 4.96017
120 8.9938 -0.478098 2.70561
227 6.6543 0.63448 5.59798
245 8.07317 -0.361289 3.96644
1660 10.7006 0.716708 3.01554
1732 7.61634 -0.38763 2.31643
328 10.0265 0.4138 3.71265
1398 8.98932 -0.12843 3.64229
400 9.7015 -0.810583 3.47859
1918 7.01042 -0.0590875 4.90808
1596 8.2426 0.713026 3.77028
525 9.80725 -0.158338 4.50293
549 6.59152 0.815228 4.61729
1704 8.36624 -0.836739 5.72372
610 10.0148 0.820917 4.62579
1610 10.1648 -0.837026 5.79086
176 8.12165 -0.802923 3.07126
712 8.52941 0.0718835 6.10812
721 9.82691 0.326545 5.47435
1711 6.50274 -0.430149 5.6851
748 7.1967 -0.105609 3.17947
749 7.00938 0.529115 2.43018
1422 8.22326 0.180992 2.92401
262 8.02754 0.929319 6.26266
1317 9.40616 0.432045 2.92934
1887 8.74597 0.277169 5.15652
239 9.14058 -0.989761 6.33779
1808 9.27642 -0.50833 5.47213
1116 9.16176 0.84212 6.01447
1555 6.59858 0.760293 3.31005
1213 6.76263 -0.810868 2.61881
1230 7.36341 0.336325 4.0607
1232 10.2705 -0.18266 2.94852
1239 10.5421 -0.444804 3.87783
1274 8.87334 -0.511592 4.55752
25 12.7251 -0.249036 5.58265
38 12.7311 0.396022 3.15041
46 12.0051 -0.635093 5.00608
221 11.1638 -0.631448 2.96024
269 11.5671 0.95562 6.13915
1623 11.4882 0.234162 2.5787
319 11.5261 -0.125537 4.29178
395 13.0115 0.611781 4.73719
514 12.1698 -0.97492 4.02952
812 11.85 -0.58679 5.99263
869 12.4073 -0.406323 2.52968
1740 11.035 -0.848125 4.77794
1034 12.1172 0.647213 3.92737
1070 13.441 0.089994 3.78672
1298 12.3934 0.692508 5.64126
1578 11.5625 0.19591 5.35711
1485 12.8578 -0.621858 3.39571
1795 12.804 -0.319942 4.43958
1547 11.9445 -0.174723 3.38515
1622 10.9643 0.638679 3.97661
520 10.9207 -0.218087 6.00255
822 10.7425 0.69526 5.63685
1842 10.7148 0.100072 4.83379
534 0.228442 2.16422 6.26943
349 2.06139 1.902 6.31512
73 5.70731 2.92254 6.03813
901 6.33695 1.26163 2.3266
194 2.65937 2.04711 5.46462
431 5.57561 2.28426 3.64678
513 4.66237 1.71797 3.6401
673 5.34024 1.74792 4.4571
739 3.46602 2.42745 6.07672
1357 4.29244 2.97623 6.20175
1306 3.32383 1.45105 5.91515
327 5.19974 1.31422 5.95031
1557 5.55476 2.583 4.96353
1693 5.88648 1.99757 5.70322
1759 4.94894 2.28603 5.89771
1146 2.42548 1.02138 6.00523
1855 3.89743 2.3084 5.18248
1888 4.71512 2.5118 4.29752
612 4.6551 1.65597 5.1791
967 6.23075 1.24636 6.26597
1237 3.51385 1.40846 4.93436
1055 5.77168 1.30799 3.43267
285 6.02322 2.19747 2.75691
1243 3.82694 1.07704 3.85563
1749 5.8543 1.1194 5.21988
914 6.29432 1.78177 4.16232
1385 4.67923 1.00271 4.37316
15 6.70189 2.52392 3.63094
16 6.93627 2.60431 2.52378
1467 10.642 1.57175 4.13469
58 8.15152 2.56392 4.27952
162 7.14541 1.30505 3.94482
1640 9.8419 1.56794 6.15312
179 8.52837 2.39547 2.84159
122 6.62387 2.66197 5.58204
1222 9.96009 1.31547 2.71176
263 10.2091 2.67939 2.46626
1314 9.43781 1.20841 3.55567
1081 9.12001 1.07881 2.22352
320 7.43481 1.25474 5.52547
407 10.3689 1.62939 5.09562
1254 9.35706 2.04975 2.40157
517 9.44945 2.74618 3.1129
1905 9.6847 1.76557 4.34631
1946 7.60853 2.39027 3.23248
645 7.93592 1.99231 5.0737
671 8.05783 2.55479 5.89
679 8.96785 2.08134 3.68189
606 8.7121 1.64793 4.54609
684 7.48921 2.92702 5.15646
1672 8.85477 2.33936 5.25434
711 10.0361 1.99994 3.43756
1846 9.54792 2.50148 5.95527
1567 10.6635 2.89441 5.45077
783 8.85627 1.7917 6.09082
793 7.21999 2.04683 6.09774
797 9.39234 1.4945 5.26314
1397 7.82111 1.02765 4.62758
878 8.05282 1.69433 3.79583
1825 7.56501 1.83039 2.40572
1208 8.44743 1.19892 5.39741
1399 6.63803 1.7284 5.1015
1238 6.83258 1.70348 3.07452
939 8.61988 1.41655 3.02117
1033 7.97836 2.9546 2.22114
1950 7.57747 1.01988 3.09016
1133 9.86262 2.49148 5.00824
1159 10.2046 2.93567 3.74533
1729 6.45963 2.81675 4.60793
1180 7.20896 2.18276 4.41846
1195 9.12471 2.76674 4.39235
663 8.12319 1.01531 2.25292
105 12.9866 1.65863 2.30839
1550 12.1684 1.0839 2.31187
444 12.0019 1.67945 3.94817
497 11.8146 1.94946 2.70838
568 12.5672 1.38203 3.17892
572 11.4893 2.37129 5.71351
656 12.4723 2.51276 2.20845
676 12.4512 1.82476 5.47769
705 11.9454 2.78724 3.2501
843 12.1761 1.15921 4.7841
1910 11.1792 1.10289 4.83552
1110 12.5551 2.2579 4.54765
1186 11.1728 1.11692 2.23061
1338 12.9531 1.38136 4.10137
1561 12.7981 2.83751 3.76986
1833 11.5646 2.02375 4.77892
743 11.2237 2.24923 3.68502
1718 11.2082 2.69485 2.43202
962 11.5957 1.1153 3.21422
1379 10.8575 1.63912 5.9679
1348 10.8401 1.80219 2.87738
1037 10.7313 2.50931 4.51498
1920 5.65687 3.873 6.34463
1933 4.34963 3.92672 5.89648
1517 5.66393 3.53511 5.24895
1796 5.6435 3.22941 4.20374
92 6.41304 3.92401 4.31544
965 7.53001 3.27921 3.68293
276 9.26592 4.08997 5.07136
683 8.35693 3.53767 4.18276
406 8.93647 4.40361 4.03606
959 7.77011 4.24504 3.77908
1160 10.1513 4.35233 4.64462
1216 9.04425 4.3827 3.01936
1318 7.26228 4.21295 6.14334
1947 10.1614 3.93449 3.73567
1435 7.86744 3.84442 5.43686
1209 6.6618 3.59583 5.2267
1881 7.92617 4.56713 2.7843
258 8.4952 3.85733 2.36942
969 8.74128 3.58127 6.06874
1299 7.3955 3.73605 4.56199
1179 9.73348 3.67375 2.8703
291 10.7016 3.42695 2.91184
706 9.88343 3.39177 4.57505
574 7.32128 3.50828 2.73222
757 6.54688 3.4384 6.20747
1525 8.64548 3.30677 5.11194
30 9.78219 3.39444 5.57103
167 9.25693 3.50634 3.73318
1001 7.52297 3.26821 6.34127
1979 8.42099 3.3192 3.2091
482 10.3177 3.10511 6.36508
811 9.03154 3.02253 2.2473
378 11.0548 4.18125 4.1108
975 12.1016 3.54219 3.90468
1635 11.5201 3.36987 5.67059
188 11.1556 3.24186 3.78329
1245 11.5281 3.0831 4.70325
207 1.54148 -3.96536 9.899
476 0.68598 -3.45942 10.0092
1184 1.53678 -3.81327 8.66114
1286 -0.150194 -3.55432 9.45159
629 1.46489 -3.49858 7.07435
159 3.15542 -4.19165 10.3556
338 4.33343 -3.34709 9.44773
542 2.38836 -3.56001 10.2432
1713 5.11152 -3.77616 6.88264
809 5.48535 -3.8789 8.31381
1197 4.10737 -4.10251 10.0627
1218 4.54798 -3.79333 7.97325
1337 4.45894 -4.46636 7.1949
1369 5.88579 -3.99904 9.3168
1650 3.92141 -3.66097 6.94496
1782 3.03165 -3.77035 9.42663
1215 2.14854 -3.25193 9.31268
217 6.13606 -3.56517 7.62192
240 3.75292 -3.7401 8.73466
771 3.77126 -3.15954 7.92071
1912 5.22004 -3.1758 9.01824
1658 5.60491 -3.30563 9.98033
1931 2.87873 -3.02886 8.44217
1505 3.15958 -3.04278 7.13836
99 9.11654 -3.85291 8.08192
261 10.4396 -3.29956 7.54363
1280 8.37656 -3.89452 7.4106
1497 7.84509 -3.7902 8.25119
1922 7.88033 -3.91621 6.54274
1785 7.13165 -3.74446 7.54706
220 7.25027 -3.30978 9.57075
1396 6.95209 -3.4884 8.58489
1168 9.9186 -3.41351 6.69775
1788 6.514 -3.33389 6.72563
1201 7.43627 -3.02139 6.49788
156 1.43105 -1.83914 8.30098
190 0.562785 -2.45937 8.08861
191 -0.0767958 -2.16149 8.8574
234 0.662857 -1.5377 9.10999
518 -2.05301 -2.09173 9.31314
539 1.38551 -2.54182 6.46893
744 0.488108 -1.46296 8.12822
660 -0.118347 -1.92349 10.3711
862 0.798799 -1.36691 7.06127
1935 0.85685 -2.53205 10.6362
970 -0.672522 -1.36576 8.74718
1030 -1.2159 -1.60022 9.55327
1774 -1.58273 -2.35466 8.45469
1288 1.79012 -1.34053 10.3865
1346 1.41585 -2.8406 8.46295
1363 1.54445 -1.91882 9.38845
1426 1.35529 -2.59797 7.49477
1481 0.105551 -2.06051 7.25681
1534 0.89251 -1.68298 10.1091
1724 1.70973 -1.67727 7.33237
1751 0.699948 -2.9417 9.15377
745 1.69395 -2.83741 10.1477
904 0.118375 -1.11029 9.83947
1993 1.98156 -1.00622 8.24469
819 -0.288373 -1.00545 7.54652
0 4.64616 -2.57975 8.23363
79 2.7342 -1.27177 10.0641
116 4.16679 -1.53497 8.87843
117 3.8522 -2.73357 8.82173
151 4.71499 -2.97389 10.2933
1606 6.29122 -1.04348 8.60427
1681 5.80267 -1.29391 10.0349
1617 4.03671 -2.3292 10.6458
1459 6.26338 -1.34058 7.0711
308 6.11457 -1.79351 7.97033
324 4.2379 -2.35942 9.66505
329 2.51823 -2.43017 9.75444
358 3.07427 -2.78321 10.6894
432 5.53253 -2.90389 7.13088
495 6.21716 -2.00134 10.6072
496 2.26525 -2.16799 10.6856
499 5.58682 -2.90138 8.12937
532 3.85645 -2.29519 7.14225
571 2.90756 -1.33448 8.43093
1320 5.22174 -1.44371 8.40325
1977 4.66626 -1.16424 9.66309
1973 6.35598 -2.33841 7.16907
677 5.97904 -1.92382 8.96145
686 4.19739 -1.71267 7.88005
698 4.55515 -2.98696 7.32445
740 5.65987 -2.31971 9.8225
1849 3.83321 -1.53878 10.0682
746 3.36905 -2.23499 8.08253
1938 2.63382 -1.32159 7.4696
820 2.22432 -2.3591 8.80131
885 4.86643 -1.15053 7.37931
1038 2.40248 -2.22671 7.82628
1096 3.3568 -1.11698 9.29712
1101 4.87923 -1.90995 10.2943
1113 3.40105 -2.89979 9.75156
1130 2.19446 -2.80786 6.99313
1176 6.17923 -2.89862 9.07263
1289 2.90795 -2.1297 6.81784
1290 5.22117 -2.05495 7.6125
801 5.28164 -1.01818 6.47952
621 3.47108 -1.31068 6.92395
1418 3.14716 -2.06817 9.06655
1483 5.23224 -2.00681 6.61739
1551 2.25718 -1.24741 9.18548
1530 5.0137 -2.16301 9.06572
23 7.71464 -2.59559 10.6675
96 8.23584 -2.76736 8.75512
100 7.80809 -2.12464 6.92693
146 7.22414 -2.75492 7.43787
1569 8.06527 -1.00951 6.6859
189 8.50161 -1.96765 10.0834
1829 6.69349 -1.63156 9.59717
1755 9.40066 -2.01557 7.36683
318 7.26099 -2.58499 8.88215
351 8.8559 -1.9752 9.14811
447 8.83542 -2.21382 8.17719
1088 8.96068 -1.23881 8.35938
502 6.55711 -2.66555 8.17677
504 7.21591 -1.0119 8.98296
692 9.18562 -2.73385 6.67191
789 9.62908 -2.70994 8.52915
928 8.21033 -2.99998 9.72735
1415 8.83789 -1.18933 7.3688
1086 8.72122 -1.84949 6.62759
1919 10.3717 -1.39199 7.52132
1163 7.03696 -1.76712 8.35297
1390 7.80577 -1.23783 9.75796
1234 7.18453 -1.75748 10.5402
1252 9.23254 -2.96122 7.64458
1271 8.22177 -1.19475 10.6662
1361 7.59185 -2.21458 9.74982
425 8.07635 -1.61312 7.85899
1449 7.19376 -1.49626 7.40359
1515 9.80517 -1.76414 8.25641
1866 7.91044 -1.75018 8.83855
1582 8.16789 -2.82978 7.75923
1518 6.59849 -2.64582 9.94449
192 10.2128 -2.46868 6.55387
1738 10.0882 -1.4652 6.565
1473 8.65327 -1.00508 9.28116
374 12.1274 -1.34662 6.58049
1228 11.6776 -1.23801 7.69561
467 10.9388 -2.12742 7.15076
1679 -3.06411 -0.362351 9.91628
3 0.917169 -0.599733 10.4736
1898 0.315967 -0.501258 6.92963
1120 -0.528649 0.998192 7.89559
186 -0.233742 -0.180748 9.73016
1879 -0.449542 0.068673 8.75969
1576 1.26966 0.324297 8.0805
310 0.0899262 0.815456 10.4152
323 0.495496 0.391648 8.70981
415 -1.24402 0.284468 8.19207
443 1.34973 -0.882059 9.61467
469 -0.874117 0.511902 10.062
553 1.10749 -0.730988 7.84444
619 1.91407 -0.660722 7.25761
573 1.37814 0.889183 9.70734
589 1.51883 -0.319562 8.80536
662 -1.70232 0.91607 9.67381
689 0.219342 -0.480539 8.22966
1978 -1.86362 0.893542 8.68716
295 2.07435 0.338053 7.35125
1014 -0.133123 0.151561 7.5396
1053 -1.04404 0.413419 7.2208
1178 0.540047 -0.491453 9.17676
1200 -1.26672 -0.601539 9.54552
1354 0.67714 0.199786 9.88971
1358 1.16039 -0.010814 7.1447
1472 1.62235 0.738105 6.52929
1501 0.946615 0.952614 7.37286
1570 1.61815 0.069751 10.2278
281 1.5801 0.962966 10.6839
1772 5.49264 -0.876923 9.18072
1694 6.38417 0.947032 7.22889
382 3.98915 0.441961 6.70614
178 3.37991 -0.277656 7.03904
1847 5.94501 -0.114306 8.47655
244 3.86156 0.538529 10.2307
248 3.99665 0.486827 9.23536
251 2.63059 0.196603 6.53239
61 6.10837 -0.47076 6.60257
1747 4.48171 0.654035 8.37633
1844 2.23541 0.33308 8.3392
1875 3.55399 -0.876469 7.8208
475 5.59062 0.758481 7.80506
479 2.21337 0.493007 9.32599
544 5.67992 0.0743226 9.42268
620 4.68752 0.632118 7.39604
633 2.97499 -0.01529 10.6044
643 5.47266 0.903182 6.82019
699 6.22628 0.908041 9.49648
716 5.08055 -0.084511 7.97491
799 4.28686 -0.927907 6.49246
1872 2.47815 0.777029 10.2475
824 4.35305 -0.300941 7.26777
865 5.94923 -0.330374 10.2966
900 2.92912 0.702173 7.72053
918 3.74083 -0.359802 8.76897
1653 2.66574 -0.817856 6.59452
952 2.7211 -0.428162 8.81011
1351 6.15525 -0.00158927 7.48452
1645 4.878 0.745398 9.63047
1099 5.41282 0.798849 8.78784
1753 5.28489 -0.0630508 6.9965
1151 3.74587 0.159143 7.91427
1545 4.45782 -0.818607 8.24438
1175 4.78608 -0.121241 8.92979
1873 3.12573 0.205455 9.64126
1983 5.73836 -0.86253 7.77501
1770 5.64616 0.621768 10.2587
1313 3.89858 -0.424029 9.77271
1328 3.16935 0.455396 8.67462
1339 2.70831 -0.344874 7.77661
1468 2.34417 -0.411041 9.73618
1538 4.86575 -0.219543 9.92332
1619 6.53932 0.625992 8.16253
89 8.43101 0.106948 7.99448
1969 8.40471 -0.0399912 8.9866
301 9.2462 0.526304 7.56188
1963 9.30453 -0.378314 7.98364
346 8.23267 0.590057 9.80063
1835 7.12787 0.224525 7.46162
398 7.8224 -0.554044 7.54239
1771 10.6635 -0.593296 6.8968
304 8.05722 -0.826083 8.47553
551 9.22891 0.50625 8.83782
661 10.0782 0.00194975 9.45883
714 9.16031 0.216766 9.79249
724 6.81648 0.241168 9.04282
1690 7.63189 -0.123669 10.6192
790 6.88232 -0.63372 7.91107
861 8.33522 0.675657 7.17753
736 7.69383 0.0720398 6.6523
891 10.0235 0.245366 8.28988
897 10.136 0.153625 7.30081
899 6.74495 0.270539 10.374
946 7.47491 -0.269434 9.60046
993 8.38295 -0.376114 10.0095
1112 6.72928 0.309777 6.54032
185 10.3595 -0.958617 8.46589
1049 6.98026 -0.809817 10.2966
1068 9.52354 -0.63578 8.92457
1221 7.83476 0.777391 8.90289
1262 7.03976 -0.632788 6.92485
1270 9.70656 -0.7469 7.1461
1678 8.63988 -0.266639 7.04158
931 7.70465 0.899976 7.91959
505 6.45744 -0.585069 9.47522
1434 7.50682 0.00430079 8.36016
788 7.26283 0.823785 9.72169
1047 9.4492 -0.0493442 6.47842
1810 10.1492 0.662239 6.44041
576 11.6594 -0.546603 6.97341
713 11.013 -0.331957 7.79655
1986 10.945 0.155668 8.66752
1430 12.0119 0.388714 6.83974
879 10.841 0.693429 7.76059
1017 11.0134 0.341146 6.82629
1307 -2.62726 1.01597 10.1429
1726 -2.42907 2.00847 8.59371
43 -0.895522 1.08672 8.8473
119 1.06735 1.20657 8.61628
127 0.937025 1.86152 7.78974
252 -0.626796 2.14758 10.1737
352 0.395747 2.07308 10.3479
436 1.30511 2.17667 8.66448
445 -1.43568 1.8958 8.61572
644 0.19094 1.00624 6.72016
536 -0.181741 2.19291 9.2793
274 0.0740198 1.29836 8.72403
1818 0.583328 1.47918 9.5654
767 -1.59167 2.27244 10.4048
777 1.21781 1.74685 6.82918
787 -0.3939 1.30375 9.68472
834 -0.53617 2.00098 7.97559
1804 0.0430236 2.78341 7.66606
960 0.766015 2.45655 9.4588
1018 1.33707 1.78595 10.1705
1048 1.81366 2.37253 9.51575
1060 -0.431677 2.82433 8.54525
1089 0.621783 2.90173 8.48512
1786 1.82938 1.16892 7.96999
1409 -1.03223 2.02227 7.07465
1646 1.27282 2.83149 10.235
1671 1.35999 2.83236 7.81422
1708 1.9067 1.47229 9.09049
1908 -1.44846 2.6773 7.70528
1780 0.113175 1.8879 7.22355
570 -0.781052 1.04067 6.48773
138 1.97527 2.20385 7.33878
1532 4.56873 1.51377 8.9862
41 4.98692 1.88125 9.81686
565 6.3439 2.30565 6.53734
1381 3.30168 1.27413 10.612
173 2.25955 1.28242 7.07461
183 5.88389 1.58645 10.1462
210 2.86585 1.26921 9.46631
296 4.63062 2.42978 8.58989
302 5.57805 2.40566 8.90818
524 4.5911 1.22442 10.4598
1572 2.67957 1.30445 8.47871
1229 4.89212 1.45951 7.94887
1764 3.83057 1.11191 7.58213
1845 5.92211 2.85823 7.27709
361 4.83384 2.81398 9.49047
368 4.6476 2.31614 7.22762
1255 3.75831 1.88493 6.95191
1982 2.83778 2.25703 6.83578
1980 3.7486 2.18034 9.02365
1276 5.94794 1.5192 8.34662
1275 2.33717 1.7642 10.1672
596 3.86176 1.37267 9.6792
667 3.2725 2.09482 10.0414
670 2.23757 2.18379 8.30348
730 5.84539 2.54621 9.86809
1240 3.5145 2.74167 7.40609
827 4.21317 2.41141 10.1634
1368 6.34285 2.43243 8.24971
29 6.11898 1.88978 7.42866
1853 5.37727 2.33366 7.93133
974 6.33343 1.88222 9.30178
1688 3.63778 2.99596 9.59141
1006 4.60101 1.38767 6.7472
1013 2.75922 2.28714 9.20172
1821 3.9922 2.03569 7.9289
1042 5.42429 1.95395 6.7123
1869 3.15523 2.58051 8.32526
1106 3.06522 1.74931 7.67044
1907 2.53328 2.74321 10.2232
438 3.69261 1.299 8.55463
1204 3.1931 1.03639 6.8155
132 8.17176 2.92992 8.2557
201 7.31428 2.47422 8.01614
1170 8.67264 1.05853 8.18471
232 9.04245 1.18289 10.0957
403 9.59761 2.72389 8.73977
468 7.23324 1.55898 10.3987
559 10.6201 1.42356 8.40716
625 10.2716 2.94381 7.53204
627 9.97311 2.29151 6.8354
635 6.93875 1.21931 8.86138
690 7.82678 1.63499 9.56721
770 9.98263 1.14871 7.29808
1819 8.4568 2.13158 7.72536
1577 7.15338 1.21668 6.65054
851 7.22923 2.17062 8.96511
379 6.92976 1.5309 7.89037
1454 8.50766 2.43322 6.77379
1586 8.00338 1.60246 7.00755
985 9.12062 2.86679 7.86923
1904 6.9563 2.38228 9.90331
1069 9.73676 1.34799 9.22831
1117 6.48571 2.85764 9.14348
1776 8.26469 2.4052 9.103
1225 9.02498 1.93317 8.52362
1278 9.12241 2.0871 9.50685
1350 7.84165 2.94937 7.312
1768 7.14682 2.10996 7.10013
1394 7.95635 1.69385 8.47175
1439 8.27671 1.78214 10.4481
1484 9.66285 1.18438 8.24463
1512 8.66655 1.26222 9.17254
1630 9.06195 1.32287 6.94949
1669 9.4499 1.95639 7.61885
5 10.8866 1.36036 6.92769
172 11.2739 1.78853 7.74417
148 -2.05493 3.00883 9.40541
1000 -2.03329 3.386 10.3313
849 1.95744 3.56001 10.2581
1734 0.73341 3.4598 7.35201
695 1.22372 3.39795 9.31089
587 1.97804 3.03112 8.76653
18 2.14754 4.1259 9.40201
193 5.78642 3.8436 7.3788
334 4.73809 4.05791 8.31474
575 3.16689 3.54375 10.2829
1848 4.30957 3.40925 10.206
909 5.7228 4.23124 8.29838
940 5.75375 3.238 8.18663
976 5.59772 3.37172 9.16526
1701 2.73338 3.93725 8.35789
1799 4.90799 4.10477 6.96541
1895 3.31672 4.43738 9.85986
1961 5.81535 4.30379 9.45467
912 3.46702 3.81314 9.02623
1744 4.44454 3.68663 9.19564
1187 3.39326 3.29139 6.57492
868 6.35764 3.39828 9.97489
1019 2.70141 3.29333 9.40521
845 4.20082 3.42226 7.1499
321 4.79844 3.14845 7.90344
1002 5.29541 3.26561 10.2918
103 2.40698 3.12862 6.60213
1079 3.96064 3.15932 8.45282
567 5.08435 3.1156 6.79607
752 2.3764 3.04345 7.81202
11 9.28063 3.06457 6.73365
266 7.84267 3.88845 7.6554
267 6.76485 3.31552 8.0452
493 8.57633 3.74657 8.66726
1061 7.57893 3.26323 10.1258
1156 7.39108 3.91184 8.54728
1594 8.09065 4.01158 6.69452
1603 6.68764 4.304 7.9156
1860 8.7762 3.65845 7.36462
1332 6.55787 4.20197 6.85305
680 6.44352 3.81284 8.85103
791 8.62599 3.23493 9.52798
1687 6.87744 3.07781 7.08051
1903 7.50844 3.11469 9.13942
764 1.72978 -3.80394 11.3069
717 2.69174 -3.55143 11.2027
197 3.9703 -3.20893 11.7374
1304 4.76632 -3.4384 11.1773
586 3.80379 -3.46214 10.7721
1985 3.02245 -3.18246 12.0713
112 1.99282 -2.53295 12.4506
126 0.366803 -1.6418 13.072
169 1.34772 -1.46573 11.4214
335 -1.10775 -2.72085 11.1498
523 -1.02159 -1.65867 10.7549
564 -0.168945 -2.4496 11.3621
615 1.72562 -2.38836 11.4979
618 1.14746 -2.24226 12.8988
883 0.467738 -1.36424 10.9574
943 0.991917 -2.88916 11.957
987 -1.08622 -1.63141 11.7525
1210 -0.487166 -1.38749 13.6376
1257 -0.428326 -1.80895 12.4891
1506 0.576724 -1.96382 11.8181
1893 -0.162049 -1.22566 11.7217
1 4.9811 -2.64966 11.7533
63 5.92996 -1.47913 11.9338
93 4.13368 -1.25026 11.8759
1261 6.13277 -1.06471 10.9505
754 5.30966 -1.59436 11.1578
830 2.25845 -1.65947 11.9685
902 3.55624 -2.60327 12.7213
956 3.34051 -1.67674 12.4132
1944 4.0852 -2.22048 11.6386
1429 3.0757 -2.27428 11.6564
1447 4.98122 -1.72455 12.1328
1798 2.60829 -1.77135 13.0876
286 5.42086 -2.55026 10.8608
1990 3.11349 -1.18279 11.5739
1697 4.38772 -1.29385 10.9097
223 3.18709 -1.79441 10.7864
145 7.60732 -1.04445 11.4406
958 6.79328 -1.62515 11.4508
17 0.117303 -0.675929 13.1415
287 0.88306 -0.107322 12.841
489 1.13492 0.524609 11.4669
638 -1.71655 -0.00749487 11.6543
760 -1.81195 -0.195266 12.6319
803 -0.729574 -0.125634 11.4712
932 1.74881 -0.561206 11.5656
1235 0.859089 -0.66354 12.0104
1294 -0.392601 -0.0298402 12.5736
1490 1.6471 0.15794 12.2529
1624 -1.03528 0.716742 11.0275
1628 -0.123526 0.915217 11.387
1752 0.61739 0.461812 13.6192
1967 0.978142 -0.405465 13.9681
1316 -2.00289 0.857525 11.237
95 -0.0284997 -0.385575 10.7186
55 2.12792 0.225146 11.078
152 2.69679 -0.286797 11.7267
341 4.9064 0.704337 12.6966
388 6.0002 -0.494774 11.7723
490 2.43082 -0.295233 12.6906
1867 2.3725 0.888998 12.5955
560 5.23728 -0.238432 12.5979
649 3.16348 0.540373 11.4139
781 3.6943 -0.365568 11.7201
838 3.92165 0.821371 12.8246
936 4.11613 0.765349 11.2103
978 4.56645 0.106387 11.8488
440 5.15995 -0.666922 10.8089
1026 5.015 -0.785485 11.791
1162 5.49902 0.458084 11.9299
1292 4.21346 -0.217883 12.7263
1027 6.02582 0.250527 11.1061
1663 3.17122 0.323494 12.39
1739 3.34326 -0.695332 12.6049
947 4.27463 -0.205292 10.7559
1458 5.02764 0.404693 11.0134
26 2.46065 -0.816023 10.9111
1166 3.51188 -0.850901 10.7189
734 7.02182 0.00220818 12.0841
776 6.82042 -0.352966 11.1714
1509 7.25033 0.623132 11.1637
998 8.60067 -0.117696 10.9505
981 6.49233 0.80847 11.7923
966 8.35431 0.833679 10.7627
237 -2.34492 1.73265 10.7806
87 -0.401173 1.00443 12.3485
1862 1.1053 2.25043 11.0314
414 -1.36696 1.65139 11.1556
1901 -0.630483 2.32785 11.1573
510 0.975367 1.60772 12.893
1519 1.10067 2.08177 12.0215
693 0.708753 1.33277 11.0063
1046 0.520907 1.26818 12.0654
1149 1.40093 2.681 12.7637
1464 -1.36179 1.51027 12.3116
1383 1.65965 2.92685 11.6561
723 2.0374 1.91723 12.6562
1494 1.50852 1.14404 12.1613
433 1.9475 1.98221 11.4991
231 4.68349 1.32898 11.8106
521 2.43152 1.17401 11.164
864 2.73676 1.62958 12.0018
874 5.05227 2.06011 12.3846
955 5.74507 1.41936 12.0537
1057 3.38199 2.38852 11.7586
1448 4.52573 2.60057 11.605
483 3.93718 1.85544 11.1201
552 3.65957 1.24686 11.9584
1962 2.81976 2.07885 10.9894
357 5.49698 1.29954 11.0864
360 4.90925 2.09654 10.8312
326 5.93181 2.38286 10.8548
1164 3.5231 2.76289 10.7961
929 6.80799 1.90947 11.3079
211 7.05305 2.75155 10.8275
160 6.44596 1.11281 10.8241
70 0.807955 3.45039 11.6777
1500 1.71028 3.81205 11.1937
171 3.82147 3.68739 11.0333
309 3.21879 3.37581 11.7779
1152 2.48611 3.14576 11.1374
