-1 -1 -19 0.200000
-1 -1 -19 0.200000
-1 -1 -19 0.200000
-1 -1 -19 0.200000
-1 -1 -19 0.200000
-1 -1 -19 0.200000
-1 -2 -18 0.200000
-1 -2 -18 0.200000
-1 -2 -18 0.200000
-1 -2 -18 0.200000
-1 -2 -18 0.200000
-1 -2 -18 0.200000
-4 -1 -18 0.171797
-4 -1 -18 0.171797
-4 -1 -18 0.171797
-4 -1 -18 0.171797
-4 -1 -18 0.171797
-4 -1 -18 0.171797
-3 -1 -18 0.062519
-3 -1 -18 0.062519
-3 -1 -18 0.062519
-3 -1 -18 0.062519
-3 -1 -18 0.062519
-3 -1 -18 0.062519
-2 -1 -18 0.078341
-2 -1 -18 0.078341
-2 -1 -18 0.078341
-2 -1 -18 0.078341
-2 -1 -18 0.078341
-2 -1 -18 0.078341
-1 -1 -18 -0.146066
-1 -1 -18 -0.146066
-1 -1 -18 -0.146066
-1 -1 -18 -0.146066
-1 -1 -18 -0.146066
-1 -1 -18 -0.146066
-1 -2 -17 0.118876
-1 -2 -17 0.118876
-1 -2 -17 0.118876
-1 -2 -17 0.118876
-1 -2 -17 0.118876
-1 -2 -17 0.118876
-4 -1 -17 0.200000
-4 -1 -17 0.200000
-4 -1 -17 0.200000
-4 -1 -17 0.200000
-4 -1 -17 0.200000
-4 -1 -17 0.200000
-3 -1 -17 0.139648
-3 -1 -17 0.139648
-3 -1 -17 0.139648
-3 -1 -17 0.139648
-3 -1 -17 0.139648
-3 -1 -17 0.139648
-2 -1 -17 -0.064230
-2 -1 -17 -0.064230
-2 -1 -17 -0.064230
-2 -1 -17 -0.064230
-2 -1 -17 -0.064230
-2 -1 -17 -0.064230
-1 -1 -17 -0.200000
-1 -1 -17 -0.200000
-1 -1 -17 -0.200000
-1 -1 -17 -0.200000
-1 -1 -17 -0.200000
-1 -1 -17 -0.200000
-17 -1 -3 0.200000
-17 -1 -3 0.200000
-17 -1 -3 0.200000
-17 -1 -3 0.200000
-17 -1 -3 0.200000
-17 -1 -3 0.200000
-17 -2 -2 0.200000
-17 -2 -2 0.200000
-17 -2 -2 0.200000
-17 -2 -2 0.200000
-17 -2 -2 0.200000
-17 -2 -2 0.200000
-20 -1 -2 0.171797
-20 -1 -2 0.171797
-20 -1 -2 0.171797
-20 -1 -2 0.171797
-20 -1 -2 0.171797
-20 -1 -2 0.171797
-19 -1 -2 0.062519
-19 -1 -2 0.062519
-19 -1 -2 0.062519
-19 -1 -2 0.062519
-19 -1 -2 0.062519
-19 -1 -2 0.062519
-18 -1 -2 0.078341
-18 -1 -2 0.078341
-18 -1 -2 0.078341
-18 -1 -2 0.078341
-18 -1 -2 0.078341
-18 -1 -2 0.078341
-17 -1 -2 -0.146066
-17 -1 -2 -0.146066
-17 -1 -2 -0.146066
-17 -1 -2 -0.146066
-17 -1 -2 -0.146066
-17 -1 -2 -0.146066
-17 -2 -1 0.118876
-17 -2 -1 0.118876
-17 -2 -1 0.118876
-17 -2 -1 0.118876
-17 -2 -1 0.118876
-17 -2 -1 0.118876
-20 -1 -1 0.200000
-20 -1 -1 0.200000
-20 -1 -1 0.200000
-20 -1 -1 0.200000
-20 -1 -1 0.200000
-20 -1 -1 0.200000
-19 -1 -1 0.139648
-19 -1 -1 0.139648
-19 -1 -1 0.139648
-19 -1 -1 0.139648
-19 -1 -1 0.139648
-19 -1 -1 0.139648
-18 -1 -1 -0.064230
-18 -1 -1 -0.064230
-18 -1 -1 -0.064230
-18 -1 -1 -0.064230
-18 -1 -1 -0.064230
-18 -1 -1 -0.064230
-17 -1 -1 -0.200000
-17 -1 -1 -0.200000
-17 -1 -1 -0.200000
-17 -1 -1 -0.200000
-17 -1 -1 -0.200000
-17 -1 -1 -0.200000
-1 -1 -3 0.200000
-1 -1 -3 0.200000
-1 -1 -3 0.200000
-1 -1 -3 0.200000
-1 -1 -3 0.200000
-1 -1 -3 0.200000
-1 -2 -2 0.200000
-1 -2 -2 0.200000
-1 -2 -2 0.200000
-1 -2 -2 0.200000
-1 -2 -2 0.200000
-1 -2 -2 0.200000
-4 -1 -2 0.171797
-4 -1 -2 0.171797
-4 -1 -2 0.171797
-4 -1 -2 0.171797
-4 -1 -2 0.171797
-4 -1 -2 0.171797
-3 -1 -2 0.062519
-3 -1 -2 0.062519
-3 -1 -2 0.062519
-3 -1 -2 0.062519
-3 -1 -2 0.062519
-3 -1 -2 0.062519
-2 -1 -2 0.078341
-2 -1 -2 0.078341
-2 -1 -2 0.078341
-2 -1 -2 0.078341
-2 -1 -2 0.078341
-2 -1 -2 0.078341
-1 -1 -2 -0.146066
-1 -1 -2 -0.146066
-1 -1 -2 -0.146066
-1 -1 -2 -0.146066
-1 -1 -2 -0.146066
-1 -1 -2 -0.146066
-1 -2 -1 0.118876
-1 -2 -1 0.118876
-1 -2 -1 0.118876
-1 -2 -1 0.118876
-1 -2 -1 0.118876
-1 -2 -1 0.118876
-4 -1 -1 0.200000
-4 -1 -1 0.200000
-4 -1 -1 0.200000
-4 -1 -1 0.200000
-4 -1 -1 0.200000
-4 -1 -1 0.200000
-3 -1 -1 0.139648
-3 -1 -1 0.139648
-3 -1 -1 0.139648
-3 -1 -1 0.139648
-3 -1 -1 0.139648
-3 -1 -1 0.139648
-2 -1 -1 -0.064230
-2 -1 -1 -0.064230
-2 -1 -1 -0.064230
-2 -1 -1 -0.064230
-2 -1 -1 -0.064230
-2 -1 -1 -0.064230
-1 -1 -1 -0.200000
-1 -1 -1 -0.200000
-1 -1 -1 -0.200000
-1 -1 -1 -0.200000
-1 -1 -1 -0.200000
-1 -1 -1 -0.200000
0 -1 -19 0.200000
0 -1 -19 0.200000
0 -1 -19 0.200000
0 -1 -19 0.200000
0 -1 -19 0.200000
0 -1 -19 0.200000
0 -2 -18 0.200000
0 -2 -18 0.200000
0 -2 -18 0.200000
0 -2 -18 0.200000
0 -2 -18 0.200000
0 -2 -18 0.200000
0 -1 -18 -0.160846
0 -1 -18 -0.160846
0 -1 -18 -0.160846
0 -1 -18 -0.160846
0 -1 -18 -0.160846
0 -1 -18 -0.160846
1 -1 -18 0.011509
1 -1 -18 0.011509
1 -1 -18 0.011509
1 -1 -18 0.011509
1 -1 -18 0.011509
1 -1 -18 0.011509
2 -1 -18 0.117342
2 -1 -18 0.117342
2 -1 -18 0.117342
2 -1 -18 0.117342
2 -1 -18 0.117342
2 -1 -18 0.117342
3 -1 -18 0.121047
3 -1 -18 0.121047
3 -1 -18 0.121047
3 -1 -18 0.121047
3 -1 -18 0.121047
3 -1 -18 0.121047
0 -2 -17 0.104097
0 -2 -17 0.104097
0 -2 -17 0.104097
0 -2 -17 0.104097
0 -2 -17 0.104097
0 -2 -17 0.104097
1 -2 -17 0.200000
1 -2 -17 0.200000
1 -2 -17 0.200000
1 -2 -17 0.200000
1 -2 -17 0.200000
1 -2 -17 0.200000
0 -1 -17 -0.200000
0 -1 -17 -0.200000
0 -1 -17 -0.200000
0 -1 -17 -0.200000
0 -1 -17 -0.200000
0 -1 -17 -0.200000
1 -1 -17 -0.101453
1 -1 -17 -0.101453
1 -1 -17 -0.101453
1 -1 -17 -0.101453
1 -1 -17 -0.101453
1 -1 -17 -0.101453
2 -1 -17 0.074575
2 -1 -17 0.074575
2 -1 -17 0.074575
2 -1 -17 0.074575
2 -1 -17 0.074575
2 -1 -17 0.074575
3 -1 -17 0.200000
3 -1 -17 0.200000
3 -1 -17 0.200000
3 -1 -17 0.200000
3 -1 -17 0.200000
3 -1 -17 0.200000
0 -1 -3 0.200000
0 -1 -3 0.200000
0 -1 -3 0.200000
0 -1 -3 0.200000
0 -1 -3 0.200000
0 -1 -3 0.200000
0 -2 -2 0.200000
0 -2 -2 0.200000
0 -2 -2 0.200000
0 -2 -2 0.200000
0 -2 -2 0.200000
0 -2 -2 0.200000
0 -1 -2 -0.160846
0 -1 -2 -0.160846
0 -1 -2 -0.160846
0 -1 -2 -0.160846
0 -1 -2 -0.160846
0 -1 -2 -0.160846
1 -1 -2 0.011509
1 -1 -2 0.011509
1 -1 -2 0.011509
1 -1 -2 0.011509
1 -1 -2 0.011509
1 -1 -2 0.011509
2 -1 -2 0.117342
2 -1 -2 0.117342
2 -1 -2 0.117342
2 -1 -2 0.117342
2 -1 -2 0.117342
2 -1 -2 0.117342
3 -1 -2 0.121047
3 -1 -2 0.121047
3 -1 -2 0.121047
3 -1 -2 0.121047
3 -1 -2 0.121047
3 -1 -2 0.121047
0 -2 -1 0.104097
0 -2 -1 0.104097
0 -2 -1 0.104097
0 -2 -1 0.104097
0 -2 -1 0.104097
0 -2 -1 0.104097
1 -2 -1 0.200000
1 -2 -1 0.200000
1 -2 -1 0.200000
1 -2 -1 0.200000
1 -2 -1 0.200000
1 -2 -1 0.200000
0 -1 -1 -0.200000
0 -1 -1 -0.200000
0 -1 -1 -0.200000
0 -1 -1 -0.200000
0 -1 -1 -0.200000
0 -1 -1 -0.200000
1 -1 -1 -0.101453
1 -1 -1 -0.101453
1 -1 -1 -0.101453
1 -1 -1 -0.101453
1 -1 -1 -0.101453
1 -1 -1 -0.101453
2 -1 -1 0.074575
2 -1 -1 0.074575
2 -1 -1 0.074575
2 -1 -1 0.074575
2 -1 -1 0.074575
2 -1 -1 0.074575
3 -1 -1 0.200000
3 -1 -1 0.200000
3 -1 -1 0.200000
3 -1 -1 0.200000
3 -1 -1 0.200000
3 -1 -1 0.200000
16 -1 -3 0.200000
16 -1 -3 0.200000
16 -1 -3 0.200000
16 -1 -3 0.200000
16 -1 -3 0.200000
16 -1 -3 0.200000
16 -2 -2 0.200000
16 -2 -2 0.200000
16 -2 -2 0.200000
16 -2 -2 0.200000
16 -2 -2 0.200000
16 -2 -2 0.200000
16 -1 -2 -0.160846
16 -1 -2 -0.160846
16 -1 -2 -0.160846
16 -1 -2 -0.160846
16 -1 -2 -0.160846
16 -1 -2 -0.160846
17 -1 -2 0.011509
17 -1 -2 0.011509
17 -1 -2 0.011509
17 -1 -2 0.011509
17 -1 -2 0.011509
17 -1 -2 0.011509
18 -1 -2 0.117342
18 -1 -2 0.117342
18 -1 -2 0.117342
18 -1 -2 0.117342
18 -1 -2 0.117342
18 -1 -2 0.117342
19 -1 -2 0.121047
19 -1 -2 0.121047
19 -1 -2 0.121047
19 -1 -2 0.121047
19 -1 -2 0.121047
19 -1 -2 0.121047
16 -2 -1 0.104097
16 -2 -1 0.104097
16 -2 -1 0.104097
16 -2 -1 0.104097
16 -2 -1 0.104097
16 -2 -1 0.104097
17 -2 -1 0.200000
17 -2 -1 0.200000
17 -2 -1 0.200000
17 -2 -1 0.200000
17 -2 -1 0.200000
17 -2 -1 0.200000
16 -1 -1 -0.200000
16 -1 -1 -0.200000
16 -1 -1 -0.200000
16 -1 -1 -0.200000
16 -1 -1 -0.200000
16 -1 -1 -0.200000
17 -1 -1 -0.101453
17 -1 -1 -0.101453
17 -1 -1 -0.101453
17 -1 -1 -0.101453
17 -1 -1 -0.101453
17 -1 -1 -0.101453
18 -1 -1 0.074575
18 -1 -1 0.074575
18 -1 -1 0.074575
18 -1 -1 0.074575
18 -1 -1 0.074575
18 -1 -1 0.074575
19 -1 -1 0.200000
19 -1 -1 0.200000
19 -1 -1 0.200000
19 -1 -1 0.200000
19 -1 -1 0.200000
19 -1 -1 0.200000
-2 0 -19 0.200000
-2 0 -19 0.200000
-2 0 -19 0.200000
-2 0 -19 0.200000
-2 0 -19 0.200000
-2 0 -19 0.200000
-1 0 -19 0.190273
-1 0 -19 0.190273
-1 0 -19 0.190273
-1 0 -19 0.190273
-1 0 -19 0.190273
-1 0 -19 0.190273
-2 1 -19 0.200000
-2 1 -19 0.200000
-2 1 -19 0.200000
-2 1 -19 0.200000
-2 1 -19 0.200000
-2 1 -19 0.200000
-1 1 -19 0.149557
-1 1 -19 0.149557
-1 1 -19 0.149557
-1 1 -19 0.149557
-1 1 -19 0.149557
-1 1 -19 0.149557
-1 2 -19 0.200000
-1 2 -19 0.200000
-1 2 -19 0.200000
-1 2 -19 0.200000
-1 2 -19 0.200000
-1 2 -19 0.200000
-4 0 -18 0.138005
-4 0 -18 0.138005
-4 0 -18 0.138005
-4 0 -18 0.138005
-4 0 -18 0.138005
-4 0 -18 0.138005
-3 0 -18 0.062325
-3 0 -18 0.062325
-3 0 -18 0.062325
-3 0 -18 0.062325
-3 0 -18 0.062325
-3 0 -18 0.062325
-2 0 -18 0.040263
-2 0 -18 0.040263
-2 0 -18 0.040263
-2 0 -18 0.040263
-2 0 -18 0.040263
-2 0 -18 0.040263
-1 0 -18 -0.169587
-1 0 -18 -0.169587
-1 0 -18 -0.169587
-1 0 -18 -0.169587
-1 0 -18 -0.169587
-1 0 -18 -0.169587
-4 1 -18 0.120229
-4 1 -18 0.120229
-4 1 -18 0.120229
-4 1 -18 0.120229
-4 1 -18 0.120229
-4 1 -18 0.120229
-3 1 -18 0.060160
-3 1 -18 0.060160
-3 1 -18 0.060160
-3 1 -18 0.060160
-3 1 -18 0.060160
-3 1 -18 0.060160
-2 1 -18 -0.082690
-2 1 -18 -0.082690
-2 1 -18 -0.082690
-2 1 -18 -0.082690
-2 1 -18 -0.082690
-2 1 -18 -0.082690
-1 1 -18 -0.200000
-1 1 -18 -0.200000
-1 1 -18 -0.200000
-1 1 -18 -0.200000
-1 1 -18 -0.200000
-1 1 -18 -0.200000
-2 2 -18 0.134995
-2 2 -18 0.134995
-2 2 -18 0.134995
-2 2 -18 0.134995
-2 2 -18 0.134995
-2 2 -18 0.134995
-1 2 -18 -0.006427
-1 2 -18 -0.006427
-1 2 -18 -0.006427
-1 2 -18 -0.006427
-1 2 -18 -0.006427
-1 2 -18 -0.006427
-4 0 -17 0.200000
-4 0 -17 0.200000
-4 0 -17 0.200000
-4 0 -17 0.200000
-4 0 -17 0.200000
-4 0 -17 0.200000
-3 0 -17 0.143662
-3 0 -17 0.143662
-3 0 -17 0.143662
-3 0 -17 0.143662
-3 0 -17 0.143662
-3 0 -17 0.143662
-2 0 -17 -0.110446
-2 0 -17 -0.110446
-2 0 -17 -0.110446
-2 0 -17 -0.110446
-2 0 -17 -0.110446
-2 0 -17 -0.110446
-1 0 -17 -0.200000
-1 0 -17 -0.200000
-1 0 -17 -0.200000
-1 0 -17 -0.200000
-1 0 -17 -0.200000
-1 0 -17 -0.200000
-4 1 -17 0.200000
-4 1 -17 0.200000
-4 1 -17 0.200000
-4 1 -17 0.200000
-4 1 -17 0.200000
-4 1 -17 0.200000
-3 1 -17 0.134175
-3 1 -17 0.134175
-3 1 -17 0.134175
-3 1 -17 0.134175
-3 1 -17 0.134175
-3 1 -17 0.134175
-2 1 -17 -0.200000
-2 1 -17 -0.200000
-2 1 -17 -0.200000
-2 1 -17 -0.200000
-2 1 -17 -0.200000
-2 1 -17 -0.200000
-1 1 -17 -0.200000
-1 1 -17 -0.200000
-1 1 -17 -0.200000
-1 1 -17 -0.200000
-1 1 -17 -0.200000
-1 1 -17 -0.200000
-3 2 -17 0.200000
-3 2 -17 0.200000
-3 2 -17 0.200000
-3 2 -17 0.200000
-3 2 -17 0.200000
-3 2 -17 0.200000
-2 2 -17 0.015003
-2 2 -17 0.015003
-2 2 -17 0.015003
-2 2 -17 0.015003
-2 2 -17 0.015003
-2 2 -17 0.015003
-1 2 -17 -0.096645
-1 2 -17 -0.096645
-1 2 -17 -0.096645
-1 2 -17 -0.096645
-1 2 -17 -0.096645
-1 2 -17 -0.096645
-1 3 -17 0.200000
-1 3 -17 0.200000
-1 3 -17 0.200000
-1 3 -17 0.200000
-1 3 -17 0.200000
-1 3 -17 0.200000
-2 16 -19 0.200000
-2 16 -19 0.200000
-2 16 -19 0.200000
-2 16 -19 0.200000
-2 16 -19 0.200000
-2 16 -19 0.200000
-1 16 -19 0.190273
-1 16 -19 0.190273
-1 16 -19 0.190273
-1 16 -19 0.190273
-1 16 -19 0.190273
-1 16 -19 0.190273
-2 17 -19 0.200000
-2 17 -19 0.200000
-2 17 -19 0.200000
-2 17 -19 0.200000
-2 17 -19 0.200000
-2 17 -19 0.200000
-1 17 -19 0.149557
-1 17 -19 0.149557
-1 17 -19 0.149557
-1 17 -19 0.149557
-1 17 -19 0.149557
-1 17 -19 0.149557
-1 18 -19 0.200000
-1 18 -19 0.200000
-1 18 -19 0.200000
-1 18 -19 0.200000
-1 18 -19 0.200000
-1 18 -19 0.200000
-4 16 -18 0.138005
-4 16 -18 0.138005
-4 16 -18 0.138005
-4 16 -18 0.138005
-4 16 -18 0.138005
-4 16 -18 0.138005
-3 16 -18 0.062325
-3 16 -18 0.062325
-3 16 -18 0.062325
-3 16 -18 0.062325
-3 16 -18 0.062325
-3 16 -18 0.062325
-2 16 -18 0.040263
-2 16 -18 0.040263
-2 16 -18 0.040263
-2 16 -18 0.040263
-2 16 -18 0.040263
-2 16 -18 0.040263
-1 16 -18 -0.169587
-1 16 -18 -0.169587
-1 16 -18 -0.169587
-1 16 -18 -0.169587
-1 16 -18 -0.169587
-1 16 -18 -0.169587
-4 17 -18 0.120229
-4 17 -18 0.120229
-4 17 -18 0.120229
-4 17 -18 0.120229
-4 17 -18 0.120229
-4 17 -18 0.120229
-3 17 -18 0.060160
-3 17 -18 0.060160
-3 17 -18 0.060160
-3 17 -18 0.060160
-3 17 -18 0.060160
-3 17 -18 0.060160
-2 17 -18 -0.082690
-2 17 -18 -0.082690
-2 17 -18 -0.082690
-2 17 -18 -0.082690
-2 17 -18 -0.082690
-2 17 -18 -0.082690
-1 17 -18 -0.200000
-1 17 -18 -0.200000
-1 17 -18 -0.200000
-1 17 -18 -0.200000
-1 17 -18 -0.200000
-1 17 -18 -0.200000
-2 18 -18 0.134995
-2 18 -18 0.134995
-2 18 -18 0.134995
-2 18 -18 0.134995
-2 18 -18 0.134995
-2 18 -18 0.134995
-1 18 -18 -0.006427
-1 18 -18 -0.006427
-1 18 -18 -0.006427
-1 18 -18 -0.006427
-1 18 -18 -0.006427
-1 18 -18 -0.006427
-4 16 -17 0.200000
-4 16 -17 0.200000
-4 16 -17 0.200000
-4 16 -17 0.200000
-4 16 -17 0.200000
-4 16 -17 0.200000
-3 16 -17 0.143662
-3 16 -17 0.143662
-3 16 -17 0.143662
-3 16 -17 0.143662
-3 16 -17 0.143662
-3 16 -17 0.143662
-2 16 -17 -0.110446
-2 16 -17 -0.110446
-2 16 -17 -0.110446
-2 16 -17 -0.110446
-2 16 -17 -0.110446
-2 16 -17 -0.110446
-1 16 -17 -0.200000
-1 16 -17 -0.200000
-1 16 -17 -0.200000
-1 16 -17 -0.200000
-1 16 -17 -0.200000
-1 16 -17 -0.200000
-4 17 -17 0.200000
-4 17 -17 0.200000
-4 17 -17 0.200000
-4 17 -17 0.200000
-4 17 -17 0.200000
-4 17 -17 0.200000
-3 17 -17 0.134175
-3 17 -17 0.134175
-3 17 -17 0.134175
-3 17 -17 0.134175
-3 17 -17 0.134175
-3 17 -17 0.134175
-2 17 -17 -0.200000
-2 17 -17 -0.200000
-2 17 -17 -0.200000
-2 17 -17 -0.200000
-2 17 -17 -0.200000
-2 17 -17 -0.200000
-1 17 -17 -0.200000
-1 17 -17 -0.200000
-1 17 -17 -0.200000
-1 17 -17 -0.200000
-1 17 -17 -0.200000
-1 17 -17 -0.200000
-3 18 -17 0.200000
-3 18 -17 0.200000
-3 18 -17 0.200000
-3 18 -17 0.200000
-3 18 -17 0.200000
-3 18 -17 0.200000
-2 18 -17 0.015003
-2 18 -17 0.015003
-2 18 -17 0.015003
-2 18 -17 0.015003
-2 18 -17 0.015003
-2 18 -17 0.015003
-1 18 -17 -0.096645
-1 18 -17 -0.096645
-1 18 -17 -0.096645
-1 18 -17 -0.096645
-1 18 -17 -0.096645
-1 18 -17 -0.096645
-1 19 -17 0.200000
-1 19 -17 0.200000
-1 19 -17 0.200000
-1 19 -17 0.200000
-1 19 -17 0.200000
-1 19 -17 0.200000
-18 0 -3 0.200000
-18 0 -3 0.200000
-18 0 -3 0.200000
-18 0 -3 0.200000
-18 0 -3 0.200000
-18 0 -3 0.200000
-17 0 -3 0.190273
-17 0 -3 0.190273
-17 0 -3 0.190273
-17 0 -3 0.190273
-17 0 -3 0.190273
-17 0 -3 0.190273
-18 1 -3 0.200000
-18 1 -3 0.200000
-18 1 -3 0.200000
-18 1 -3 0.200000
-18 1 -3 0.200000
-18 1 -3 0.200000
-17 1 -3 0.149557
-17 1 -3 0.149557
-17 1 -3 0.149557
-17 1 -3 0.149557
-17 1 -3 0.149557
-17 1 -3 0.149557
-17 2 -3 0.200000
-17 2 -3 0.200000
-17 2 -3 0.200000
-17 2 -3 0.200000
-17 2 -3 0.200000
-17 2 -3 0.200000
-20 0 -2 0.138005
-20 0 -2 0.138005
-20 0 -2 0.138005
-20 0 -2 0.138005
-20 0 -2 0.138005
-20 0 -2 0.138005
-19 0 -2 0.062325
-19 0 -2 0.062325
-19 0 -2 0.062325
-19 0 -2 0.062325
-19 0 -2 0.062325
-19 0 -2 0.062325
-18 0 -2 0.040263
-18 0 -2 0.040263
-18 0 -2 0.040263
-18 0 -2 0.040263
-18 0 -2 0.040263
-18 0 -2 0.040263
-17 0 -2 -0.169587
-17 0 -2 -0.169587
-17 0 -2 -0.169587
-17 0 -2 -0.169587
-17 0 -2 -0.169587
-17 0 -2 -0.169587
-20 1 -2 0.120229
-20 1 -2 0.120229
-20 1 -2 0.120229
-20 1 -2 0.120229
-20 1 -2 0.120229
-20 1 -2 0.120229
-19 1 -2 0.060160
-19 1 -2 0.060160
-19 1 -2 0.060160
-19 1 -2 0.060160
-19 1 -2 0.060160
-19 1 -2 0.060160
-18 1 -2 -0.082690
-18 1 -2 -0.082690
-18 1 -2 -0.082690
-18 1 -2 -0.082690
-18 1 -2 -0.082690
-18 1 -2 -0.082690
-17 1 -2 -0.200000
-17 1 -2 -0.200000
-17 1 -2 -0.200000
-17 1 -2 -0.200000
-17 1 -2 -0.200000
-17 1 -2 -0.200000
-18 2 -2 0.134995
-18 2 -2 0.134995
-18 2 -2 0.134995
-18 2 -2 0.134995
-18 2 -2 0.134995
-18 2 -2 0.134995
-17 2 -2 -0.006427
-17 2 -2 -0.006427
-17 2 -2 -0.006427
-17 2 -2 -0.006427
-17 2 -2 -0.006427
-17 2 -2 -0.006427
-20 0 -1 0.200000
-20 0 -1 0.200000
-20 0 -1 0.200000
-20 0 -1 0.200000
-20 0 -1 0.200000
-20 0 -1 0.200000
-19 0 -1 0.143662
-19 0 -1 0.143662
-19 0 -1 0.143662
-19 0 -1 0.143662
-19 0 -1 0.143662
-19 0 -1 0.143662
-18 0 -1 -0.110446
-18 0 -1 -0.110446
-18 0 -1 -0.110446
-18 0 -1 -0.110446
-18 0 -1 -0.110446
-18 0 -1 -0.110446
-17 0 -1 -0.200000
-17 0 -1 -0.200000
-17 0 -1 -0.200000
-17 0 -1 -0.200000
-17 0 -1 -0.200000
-17 0 -1 -0.200000
-20 1 -1 0.200000
-20 1 -1 0.200000
-20 1 -1 0.200000
-20 1 -1 0.200000
-20 1 -1 0.200000
-20 1 -1 0.200000
-19 1 -1 0.134175
-19 1 -1 0.134175
-19 1 -1 0.134175
-19 1 -1 0.134175
-19 1 -1 0.134175
-19 1 -1 0.134175
-18 1 -1 -0.200000
-18 1 -1 -0.200000
-18 1 -1 -0.200000
-18 1 -1 -0.200000
-18 1 -1 -0.200000
-18 1 -1 -0.200000
-17 1 -1 -0.200000
-17 1 -1 -0.200000
-17 1 -1 -0.200000
-17 1 -1 -0.200000
-17 1 -1 -0.200000
-17 1 -1 -0.200000
-19 2 -1 0.200000
-19 2 -1 0.200000
-19 2 -1 0.200000
-19 2 -1 0.200000
-19 2 -1 0.200000
-19 2 -1 0.200000
-18 2 -1 0.015003
-18 2 -1 0.015003
-18 2 -1 0.015003
-18 2 -1 0.015003
-18 2 -1 0.015003
-18 2 -1 0.015003
-17 2 -1 -0.096645
-17 2 -1 -0.096645
-17 2 -1 -0.096645
-17 2 -1 -0.096645
-17 2 -1 -0.096645
-17 2 -1 -0.096645
-17 3 -1 0.200000
-17 3 -1 0.200000
-17 3 -1 0.200000
-17 3 -1 0.200000
-17 3 -1 0.200000
-17 3 -1 0.200000
-2 0 -3 0.200000
-2 0 -3 0.200000
-2 0 -3 0.200000
-2 0 -3 0.200000
-2 0 -3 0.200000
-2 0 -3 0.200000
-1 0 -3 0.190273
-1 0 -3 0.190273
-1 0 -3 0.190273
-1 0 -3 0.190273
-1 0 -3 0.190273
-1 0 -3 0.190273
-2 1 -3 0.200000
-2 1 -3 0.200000
-2 1 -3 0.200000
-2 1 -3 0.200000
-2 1 -3 0.200000
-2 1 -3 0.200000
-1 1 -3 0.149557
-1 1 -3 0.149557
-1 1 -3 0.149557
-1 1 -3 0.149557
-1 1 -3 0.149557
-1 1 -3 0.149557
-1 2 -3 0.200000
-1 2 -3 0.200000
-1 2 -3 0.200000
-1 2 -3 0.200000
-1 2 -3 0.200000
-1 2 -3 0.200000
-4 0 -2 0.138005
-4 0 -2 0.138005
-4 0 -2 0.138005
-4 0 -2 0.138005
-4 0 -2 0.138005
-4 0 -2 0.138005
-3 0 -2 0.062325
-3 0 -2 0.062325
-3 0 -2 0.062325
-3 0 -2 0.062325
-3 0 -2 0.062325
-3 0 -2 0.062325
-2 0 -2 0.040263
-2 0 -2 0.040263
-2 0 -2 0.040263
-2 0 -2 0.040263
-2 0 -2 0.040263
-2 0 -2 0.040263
-1 0 -2 -0.169587
-1 0 -2 -0.169587
-1 0 -2 -0.169587
-1 0 -2 -0.169587
-1 0 -2 -0.169587
-1 0 -2 -0.169587
-4 1 -2 0.120229
-4 1 -2 0.120229
-4 1 -2 0.120229
-4 1 -2 0.120229
-4 1 -2 0.120229
-4 1 -2 0.120229
-3 1 -2 0.060160
-3 1 -2 0.060160
-3 1 -2 0.060160
-3 1 -2 0.060160
-3 1 -2 0.060160
-3 1 -2 0.060160
-2 1 -2 -0.082690
-2 1 -2 -0.082690
-2 1 -2 -0.082690
-2 1 -2 -0.082690
-2 1 -2 -0.082690
-2 1 -2 -0.082690
-1 1 -2 -0.200000
-1 1 -2 -0.200000
-1 1 -2 -0.200000
-1 1 -2 -0.200000
-1 1 -2 -0.200000
-1 1 -2 -0.200000
-2 2 -2 0.134995
-2 2 -2 0.134995
-2 2 -2 0.134995
-2 2 -2 0.134995
-2 2 -2 0.134995
-2 2 -2 0.134995
-1 2 -2 -0.006427
-1 2 -2 -0.006427
-1 2 -2 -0.006427
-1 2 -2 -0.006427
-1 2 -2 -0.006427
-1 2 -2 -0.006427
-4 0 -1 0.200000
-4 0 -1 0.200000
-4 0 -1 0.200000
-4 0 -1 0.200000
-4 0 -1 0.200000
-4 0 -1 0.200000
-3 0 -1 0.143662
-3 0 -1 0.143662
-3 0 -1 0.143662
-3 0 -1 0.143662
-3 0 -1 0.143662
-3 0 -1 0.143662
-2 0 -1 -0.110446
-2 0 -1 -0.110446
-2 0 -1 -0.110446
-2 0 -1 -0.110446
-2 0 -1 -0.110446
-2 0 -1 -0.110446
-1 0 -1 -0.200000
-1 0 -1 -0.200000
-1 0 -1 -0.200000
-1 0 -1 -0.200000
-1 0 -1 -0.200000
-1 0 -1 -0.200000
-4 1 -1 0.200000
-4 1 -1 0.200000
-4 1 -1 0.200000
-4 1 -1 0.200000
-4 1 -1 0.200000
-4 1 -1 0.200000
-3 1 -1 0.134175
-3 1 -1 0.134175
-3 1 -1 0.134175
-3 1 -1 0.134175
-3 1 -1 0.134175
-3 1 -1 0.134175
-2 1 -1 -0.200000
-2 1 -1 -0.200000
-2 1 -1 -0.200000
-2 1 -1 -0.200000
-2 1 -1 -0.200000
-2 1 -1 -0.200000
-1 1 -1 -0.200000
-1 1 -1 -0.200000
-1 1 -1 -0.200000
-1 1 -1 -0.200000
-1 1 -1 -0.200000
-1 1 -1 -0.200000
-3 2 -1 0.200000
-3 2 -1 0.200000
-3 2 -1 0.200000
-3 2 -1 0.200000
-3 2 -1 0.200000
-3 2 -1 0.200000
-2 2 -1 0.015003
-2 2 -1 0.015003
-2 2 -1 0.015003
-2 2 -1 0.015003
-2 2 -1 0.015003
-2 2 -1 0.015003
-1 2 -1 -0.096645
-1 2 -1 -0.096645
-1 2 -1 -0.096645
-1 2 -1 -0.096645
-1 2 -1 -0.096645
-1 2 -1 -0.096645
-1 3 -1 0.200000
-1 3 -1 0.200000
-1 3 -1 0.200000
-1 3 -1 0.200000
-1 3 -1 0.200000
-1 3 -1 0.200000
-18 16 -3 0.200000
-18 16 -3 0.200000
-18 16 -3 0.200000
-18 16 -3 0.200000
-18 16 -3 0.200000
-18 16 -3 0.200000
-17 16 -3 0.190273
-17 16 -3 0.190273
-17 16 -3 0.190273
-17 16 -3 0.190273
-17 16 -3 0.190273
-17 16 -3 0.190273
-18 17 -3 0.200000
-18 17 -3 0.200000
-18 17 -3 0.200000
-18 17 -3 0.200000
-18 17 -3 0.200000
-18 17 -3 0.200000
-17 17 -3 0.149557
-17 17 -3 0.149557
-17 17 -3 0.149557
-17 17 -3 0.149557
-17 17 -3 0.149557
-17 17 -3 0.149557
-17 18 -3 0.200000
-17 18 -3 0.200000
-17 18 -3 0.200000
-17 18 -3 0.200000
-17 18 -3 0.200000
-17 18 -3 0.200000
-20 16 -2 0.138005
-20 16 -2 0.138005
-20 16 -2 0.138005
-20 16 -2 0.138005
-20 16 -2 0.138005
-20 16 -2 0.138005
-19 16 -2 0.062325
-19 16 -2 0.062325
-19 16 -2 0.062325
-19 16 -2 0.062325
-19 16 -2 0.062325
-19 16 -2 0.062325
-18 16 -2 0.040263
-18 16 -2 0.040263
-18 16 -2 0.040263
-18 16 -2 0.040263
-18 16 -2 0.040263
-18 16 -2 0.040263
-17 16 -2 -0.169587
-17 16 -2 -0.169587
-17 16 -2 -0.169587
-17 16 -2 -0.169587
-17 16 -2 -0.169587
-17 16 -2 -0.169587
-20 17 -2 0.120229
-20 17 -2 0.120229
-20 17 -2 0.120229
-20 17 -2 0.120229
-20 17 -2 0.120229
-20 17 -2 0.120229
-19 17 -2 0.060160
-19 17 -2 0.060160
-19 17 -2 0.060160
-19 17 -2 0.060160
-19 17 -2 0.060160
-19 17 -2 0.060160
-18 17 -2 -0.082690
-18 17 -2 -0.082690
-18 17 -2 -0.082690
-18 17 -2 -0.082690
-18 17 -2 -0.082690
-18 17 -2 -0.082690
-17 17 -2 -0.200000
-17 17 -2 -0.200000
-17 17 -2 -0.200000
-17 17 -2 -0.200000
-17 17 -2 -0.200000
-17 17 -2 -0.200000
-18 18 -2 0.134995
-18 18 -2 0.134995
-18 18 -2 0.134995
-18 18 -2 0.134995
-18 18 -2 0.134995
-18 18 -2 0.134995
-17 18 -2 -0.006427
-17 18 -2 -0.006427
-17 18 -2 -0.006427
-17 18 -2 -0.006427
-17 18 -2 -0.006427
-17 18 -2 -0.006427
-20 16 -1 0.200000
-20 16 -1 0.200000
-20 16 -1 0.200000
-20 16 -1 0.200000
-20 16 -1 0.200000
-20 16 -1 0.200000
-19 16 -1 0.143662
-19 16 -1 0.143662
-19 16 -1 0.143662
-19 16 -1 0.143662
-19 16 -1 0.143662
-19 16 -1 0.143662
-18 16 -1 -0.110446
-18 16 -1 -0.110446
-18 16 -1 -0.110446
-18 16 -1 -0.110446
-18 16 -1 -0.110446
-18 16 -1 -0.110446
-17 16 -1 -0.200000
-17 16 -1 -0.200000
-17 16 -1 -0.200000
-17 16 -1 -0.200000
-17 16 -1 -0.200000
-17 16 -1 -0.200000
-20 17 -1 0.200000
-20 17 -1 0.200000
-20 17 -1 0.200000
-20 17 -1 0.200000
-20 17 -1 0.200000
-20 17 -1 0.200000
-19 17 -1 0.134175
-19 17 -1 0.134175
-19 17 -1 0.134175
-19 17 -1 0.134175
-19 17 -1 0.134175
-19 17 -1 0.134175
-18 17 -1 -0.200000
-18 17 -1 -0.200000
-18 17 -1 -0.200000
-18 17 -1 -0.200000
-18 17 -1 -0.200000
-18 17 -1 -0.200000
-17 17 -1 -0.200000
-17 17 -1 -0.200000
-17 17 -1 -0.200000
-17 17 -1 -0.200000
-17 17 -1 -0.200000
-17 17 -1 -0.200000
-19 18 -1 0.200000
-19 18 -1 0.200000
-19 18 -1 0.200000
-19 18 -1 0.200000
-19 18 -1 0.200000
-19 18 -1 0.200000
-18 18 -1 0.015003
-18 18 -1 0.015003
-18 18 -1 0.015003
-18 18 -1 0.015003
-18 18 -1 0.015003
-18 18 -1 0.015003
-17 18 -1 -0.096645
-17 18 -1 -0.096645
-17 18 -1 -0.096645
-17 18 -1 -0.096645
-17 18 -1 -0.096645
-17 18 -1 -0.096645
-17 19 -1 0.200000
-17 19 -1 0.200000
-17 19 -1 0.200000
-17 19 -1 0.200000
-17 19 -1 0.200000
-17 19 -1 0.200000
-2 16 -3 0.200000
-2 16 -3 0.200000
-2 16 -3 0.200000
-2 16 -3 0.200000
-2 16 -3 0.200000
-2 16 -3 0.200000
-1 16 -3 0.190273
-1 16 -3 0.190273
-1 16 -3 0.190273
-1 16 -3 0.190273
-1 16 -3 0.190273
-1 16 -3 0.190273
-2 17 -3 0.200000
-2 17 -3 0.200000
-2 17 -3 0.200000
-2 17 -3 0.200000
-2 17 -3 0.200000
-2 17 -3 0.200000
-1 17 -3 0.149557
-1 17 -3 0.149557
-1 17 -3 0.149557
-1 17 -3 0.149557
-1 17 -3 0.149557
-1 17 -3 0.149557
-1 18 -3 0.200000
-1 18 -3 0.200000
-1 18 -3 0.200000
-1 18 -3 0.200000
-1 18 -3 0.200000
-1 18 -3 0.200000
-4 16 -2 0.138005
-4 16 -2 0.138005
-4 16 -2 0.138005
-4 16 -2 0.138005
-4 16 -2 0.138005
-4 16 -2 0.138005
-3 16 -2 0.062325
-3 16 -2 0.062325
-3 16 -2 0.062325
-3 16 -2 0.062325
-3 16 -2 0.062325
-3 16 -2 0.062325
-2 16 -2 0.040263
-2 16 -2 0.040263
-2 16 -2 0.040263
-2 16 -2 0.040263
-2 16 -2 0.040263
-2 16 -2 0.040263
-1 16 -2 -0.169587
-1 16 -2 -0.169587
-1 16 -2 -0.169587
-1 16 -2 -0.169587
-1 16 -2 -0.169587
-1 16 -2 -0.169587
-4 17 -2 0.120229
-4 17 -2 0.120229
-4 17 -2 0.120229
-4 17 -2 0.120229
-4 17 -2 0.120229
-4 17 -2 0.120229
-3 17 -2 0.060160
-3 17 -2 0.060160
-3 17 -2 0.060160
-3 17 -2 0.060160
-3 17 -2 0.060160
-3 17 -2 0.060160
-2 17 -2 -0.082690
-2 17 -2 -0.082690
-2 17 -2 -0.082690
-2 17 -2 -0.082690
-2 17 -2 -0.082690
-2 17 -2 -0.082690
-1 17 -2 -0.200000
-1 17 -2 -0.200000
-1 17 -2 -0.200000
-1 17 -2 -0.200000
-1 17 -2 -0.200000
-1 17 -2 -0.200000
-2 18 -2 0.134995
-2 18 -2 0.134995
-2 18 -2 0.134995
-2 18 -2 0.134995
-2 18 -2 0.134995
-2 18 -2 0.134995
-1 18 -2 -0.006427
-1 18 -2 -0.006427
-1 18 -2 -0.006427
-1 18 -2 -0.006427
-1 18 -2 -0.006427
-1 18 -2 -0.006427
-4 16 -1 0.200000
-4 16 -1 0.200000
-4 16 -1 0.200000
-4 16 -1 0.200000
-4 16 -1 0.200000
-4 16 -1 0.200000
-3 16 -1 0.143662
-3 16 -1 0.143662
-3 16 -1 0.143662
-3 16 -1 0.143662
-3 16 -1 0.143662
-3 16 -1 0.143662
-2 16 -1 -0.110446
-2 16 -1 -0.110446
-2 16 -1 -0.110446
-2 16 -1 -0.110446
-2 16 -1 -0.110446
-2 16 -1 -0.110446
-1 16 -1 -0.200000
-1 16 -1 -0.200000
-1 16 -1 -0.200000
-1 16 -1 -0.200000
-1 16 -1 -0.200000
-1 16 -1 -0.200000
-4 17 -1 0.200000
-4 17 -1 0.200000
-4 17 -1 0.200000
-4 17 -1 0.200000
-4 17 -1 0.200000
-4 17 -1 0.200000
-3 17 -1 0.134175
-3 17 -1 0.134175
-3 17 -1 0.134175
-3 17 -1 0.134175
-3 17 -1 0.134175
-3 17 -1 0.134175
-2 17 -1 -0.200000
-2 17 -1 -0.200000
-2 17 -1 -0.200000
-2 17 -1 -0.200000
-2 17 -1 -0.200000
-2 17 -1 -0.200000
-1 17 -1 -0.200000
-1 17 -1 -0.200000
-1 17 -1 -0.200000
-1 17 -1 -0.200000
-1 17 -1 -0.200000
-1 17 -1 -0.200000
-3 18 -1 0.200000
-3 18 -1 0.200000
-3 18 -1 0.200000
-3 18 -1 0.200000
-3 18 -1 0.200000
-3 18 -1 0.200000
-2 18 -1 0.015003
-2 18 -1 0.015003
-2 18 -1 0.015003
-2 18 -1 0.015003
-2 18 -1 0.015003
-2 18 -1 0.015003
-1 18 -1 -0.096645
-1 18 -1 -0.096645
-1 18 -1 -0.096645
-1 18 -1 -0.096645
-1 18 -1 -0.096645
-1 18 -1 -0.096645
-1 19 -1 0.200000
-1 19 -1 0.200000
-1 19 -1 0.200000
-1 19 -1 0.200000
-1 19 -1 0.200000
-1 19 -1 0.200000
0 0 -19 0.176699
0 0 -19 0.176699
0 0 -19 0.176699
0 0 -19 0.176699
0 0 -19 0.176699
0 0 -19 0.176699
1 0 -19 0.200000
1 0 -19 0.200000
1 0 -19 0.200000
1 0 -19 0.200000
1 0 -19 0.200000
1 0 -19 0.200000
0 1 -19 0.132223
0 1 -19 0.132223
0 1 -19 0.132223
0 1 -19 0.132223
0 1 -19 0.132223
0 1 -19 0.132223
1 1 -19 0.200000
1 1 -19 0.200000
1 1 -19 0.200000
1 1 -19 0.200000
1 1 -19 0.200000
1 1 -19 0.200000
0 2 -19 0.200000
0 2 -19 0.200000
0 2 -19 0.200000
0 2 -19 0.200000
0 2 -19 0.200000
0 2 -19 0.200000
0 0 -18 -0.188242
0 0 -18 -0.188242
0 0 -18 -0.188242
0 0 -18 -0.188242
0 0 -18 -0.188242
0 0 -18 -0.188242
1 0 -18 -0.019522
1 0 -18 -0.019522
1 0 -18 -0.019522
1 0 -18 -0.019522
1 0 -18 -0.019522
1 0 -18 -0.019522
2 0 -18 0.117148
2 0 -18 0.117148
2 0 -18 0.117148
2 0 -18 0.117148
2 0 -18 0.117148
2 0 -18 0.117148
3 0 -18 0.076641
3 0 -18 0.076641
3 0 -18 0.076641
3 0 -18 0.076641
3 0 -18 0.076641
3 0 -18 0.076641
0 1 -18 -0.200000
0 1 -18 -0.200000
0 1 -18 -0.200000
0 1 -18 -0.200000
0 1 -18 -0.200000
0 1 -18 -0.200000
1 1 -18 -0.150919
1 1 -18 -0.150919
1 1 -18 -0.150919
1 1 -18 -0.150919
1 1 -18 -0.150919
1 1 -18 -0.150919
2 1 -18 0.113883
2 1 -18 0.113883
2 1 -18 0.113883
2 1 -18 0.113883
2 1 -18 0.113883
2 1 -18 0.113883
3 1 -18 0.036947
3 1 -18 0.036947
3 1 -18 0.036947
3 1 -18 0.036947
3 1 -18 0.036947
3 1 -18 0.036947
0 2 -18 -0.022127
0 2 -18 -0.022127
0 2 -18 -0.022127
0 2 -18 -0.022127
0 2 -18 -0.022127
0 2 -18 -0.022127
1 2 -18 0.103473
1 2 -18 0.103473
1 2 -18 0.103473
1 2 -18 0.103473
1 2 -18 0.103473
1 2 -18 0.103473
2 2 -18 0.200000
2 2 -18 0.200000
2 2 -18 0.200000
2 2 -18 0.200000
2 2 -18 0.200000
2 2 -18 0.200000
0 0 -17 -0.200000
0 0 -17 -0.200000
0 0 -17 -0.200000
0 0 -17 -0.200000
0 0 -17 -0.200000
0 0 -17 -0.200000
1 0 -17 -0.147667
1 0 -17 -0.147667
1 0 -17 -0.147667
1 0 -17 -0.147667
1 0 -17 -0.147667
1 0 -17 -0.147667
2 0 -17 0.087056
2 0 -17 0.087056
2 0 -17 0.087056
2 0 -17 0.087056
2 0 -17 0.087056
2 0 -17 0.087056
3 0 -17 0.200000
3 0 -17 0.200000
3 0 -17 0.200000
3 0 -17 0.200000
3 0 -17 0.200000
3 0 -17 0.200000
0 1 -17 -0.200000
0 1 -17 -0.200000
0 1 -17 -0.200000
0 1 -17 -0.200000
0 1 -17 -0.200000
0 1 -17 -0.200000
1 1 -17 -0.200000
1 1 -17 -0.200000
1 1 -17 -0.200000
1 1 -17 -0.200000
1 1 -17 -0.200000
1 1 -17 -0.200000
2 1 -17 0.037194
2 1 -17 0.037194
2 1 -17 0.037194
2 1 -17 0.037194
2 1 -17 0.037194
2 1 -17 0.037194
3 1 -17 0.200000
3 1 -17 0.200000
3 1 -17 0.200000
3 1 -17 0.200000
3 1 -17 0.200000
3 1 -17 0.200000
0 2 -17 -0.102288
0 2 -17 -0.102288
0 2 -17 -0.102288
0 2 -17 -0.102288
0 2 -17 -0.102288
0 2 -17 -0.102288
1 2 -17 -0.055719
1 2 -17 -0.055719
1 2 -17 -0.055719
1 2 -17 -0.055719
1 2 -17 -0.055719
1 2 -17 -0.055719
2 2 -17 0.200000
2 2 -17 0.200000
2 2 -17 0.200000
2 2 -17 0.200000
2 2 -17 0.200000
2 2 -17 0.200000
0 3 -17 0.200000
0 3 -17 0.200000
0 3 -17 0.200000
0 3 -17 0.200000
0 3 -17 0.200000
0 3 -17 0.200000
0 16 -19 0.176699
0 16 -19 0.176699
0 16 -19 0.176699
0 16 -19 0.176699
0 16 -19 0.176699
0 16 -19 0.176699
1 16 -19 0.200000
1 16 -19 0.200000
1 16 -19 0.200000
1 16 -19 0.200000
1 16 -19 0.200000
1 16 -19 0.200000
0 17 -19 0.132223
0 17 -19 0.132223
0 17 -19 0.132223
0 17 -19 0.132223
0 17 -19 0.132223
0 17 -19 0.132223
1 17 -19 0.200000
1 17 -19 0.200000
1 17 -19 0.200000
1 17 -19 0.200000
1 17 -19 0.200000
1 17 -19 0.200000
0 18 -19 0.200000
0 18 -19 0.200000
0 18 -19 0.200000
0 18 -19 0.200000
0 18 -19 0.200000
0 18 -19 0.200000
0 16 -18 -0.188242
0 16 -18 -0.188242
0 16 -18 -0.188242
0 16 -18 -0.188242
0 16 -18 -0.188242
0 16 -18 -0.188242
1 16 -18 -0.019522
1 16 -18 -0.019522
1 16 -18 -0.019522
1 16 -18 -0.019522
1 16 -18 -0.019522
1 16 -18 -0.019522
2 16 -18 0.117148
2 16 -18 0.117148
2 16 -18 0.117148
2 16 -18 0.117148
2 16 -18 0.117148
2 16 -18 0.117148
3 16 -18 0.076641
3 16 -18 0.076641
3 16 -18 0.076641
3 16 -18 0.076641
3 16 -18 0.076641
3 16 -18 0.076641
0 17 -18 -0.200000
0 17 -18 -0.200000
0 17 -18 -0.200000
0 17 -18 -0.200000
0 17 -18 -0.200000
0 17 -18 -0.200000
1 17 -18 -0.150919
1 17 -18 -0.150919
1 17 -18 -0.150919
1 17 -18 -0.150919
1 17 -18 -0.150919
1 17 -18 -0.150919
2 17 -18 0.113883
2 17 -18 0.113883
2 17 -18 0.113883
2 17 -18 0.113883
2 17 -18 0.113883
2 17 -18 0.113883
3 17 -18 0.036947
3 17 -18 0.036947
3 17 -18 0.036947
3 17 -18 0.036947
3 17 -18 0.036947
3 17 -18 0.036947
0 18 -18 -0.022127
0 18 -18 -0.022127
0 18 -18 -0.022127
0 18 -18 -0.022127
0 18 -18 -0.022127
0 18 -18 -0.022127
1 18 -18 0.103473
1 18 -18 0.103473
1 18 -18 0.103473
1 18 -18 0.103473
1 18 -18 0.103473
1 18 -18 0.103473
2 18 -18 0.200000
2 18 -18 0.200000
2 18 -18 0.200000
2 18 -18 0.200000
2 18 -18 0.200000
2 18 -18 0.200000
0 16 -17 -0.200000
0 16 -17 -0.200000
0 16 -17 -0.200000
0 16 -17 -0.200000
0 16 -17 -0.200000
0 16 -17 -0.200000
1 16 -17 -0.147667
1 16 -17 -0.147667
1 16 -17 -0.147667
1 16 -17 -0.147667
1 16 -17 -0.147667
1 16 -17 -0.147667
2 16 -17 0.087056
2 16 -17 0.087056
2 16 -17 0.087056
2 16 -17 0.087056
2 16 -17 0.087056
2 16 -17 0.087056
3 16 -17 0.200000
3 16 -17 0.200000
3 16 -17 0.200000
3 16 -17 0.200000
3 16 -17 0.200000
3 16 -17 0.200000
0 17 -17 -0.200000
0 17 -17 -0.200000
0 17 -17 -0.200000
0 17 -17 -0.200000
0 17 -17 -0.200000
0 17 -17 -0.200000
1 17 -17 -0.200000
1 17 -17 -0.200000
1 17 -17 -0.200000
1 17 -17 -0.200000
1 17 -17 -0.200000
1 17 -17 -0.200000
2 17 -17 0.037194
2 17 -17 0.037194
2 17 -17 0.037194
2 17 -17 0.037194
2 17 -17 0.037194
2 17 -17 0.037194
3 17 -17 0.200000
3 17 -17 0.200000
3 17 -17 0.200000
3 17 -17 0.200000
3 17 -17 0.200000
3 17 -17 0.200000
0 18 -17 -0.102288
0 18 -17 -0.102288
0 18 -17 -0.102288
0 18 -17 -0.102288
0 18 -17 -0.102288
0 18 -17 -0.102288
1 18 -17 -0.055719
1 18 -17 -0.055719
1 18 -17 -0.055719
1 18 -17 -0.055719
1 18 -17 -0.055719
1 18 -17 -0.055719
2 18 -17 0.200000
2 18 -17 0.200000
2 18 -17 0.200000
2 18 -17 0.200000
2 18 -17 0.200000
2 18 -17 0.200000
0 19 -17 0.200000
0 19 -17 0.200000
0 19 -17 0.200000
0 19 -17 0.200000
0 19 -17 0.200000
0 19 -17 0.200000
0 0 -3 0.176699
0 0 -3 0.176699
0 0 -3 0.176699
0 0 -3 0.176699
0 0 -3 0.176699
0 0 -3 0.176699
1 0 -3 0.200000
1 0 -3 0.200000
1 0 -3 0.200000
1 0 -3 0.200000
1 0 -3 0.200000
1 0 -3 0.200000
0 1 -3 0.132223
0 1 -3 0.132223
0 1 -3 0.132223
0 1 -3 0.132223
0 1 -3 0.132223
0 1 -3 0.132223
1 1 -3 0.200000
1 1 -3 0.200000
1 1 -3 0.200000
1 1 -3 0.200000
1 1 -3 0.200000
1 1 -3 0.200000
0 2 -3 0.200000
0 2 -3 0.200000
0 2 -3 0.200000
0 2 -3 0.200000
0 2 -3 0.200000
0 2 -3 0.200000
0 0 -2 -0.188242
0 0 -2 -0.188242
0 0 -2 -0.188242
0 0 -2 -0.188242
0 0 -2 -0.188242
0 0 -2 -0.188242
1 0 -2 -0.019522
1 0 -2 -0.019522
1 0 -2 -0.019522
1 0 -2 -0.019522
1 0 -2 -0.019522
1 0 -2 -0.019522
2 0 -2 0.117148
2 0 -2 0.117148
2 0 -2 0.117148
2 0 -2 0.117148
2 0 -2 0.117148
2 0 -2 0.117148
3 0 -2 0.076641
3 0 -2 0.076641
3 0 -2 0.076641
3 0 -2 0.076641
3 0 -2 0.076641
3 0 -2 0.076641
0 1 -2 -0.200000
0 1 -2 -0.200000
0 1 -2 -0.200000
0 1 -2 -0.200000
0 1 -2 -0.200000
0 1 -2 -0.200000
1 1 -2 -0.150919
1 1 -2 -0.150919
1 1 -2 -0.150919
1 1 -2 -0.150919
1 1 -2 -0.150919
1 1 -2 -0.150919
2 1 -2 0.113883
2 1 -2 0.113883
2 1 -2 0.113883
2 1 -2 0.113883
2 1 -2 0.113883
2 1 -2 0.113883
3 1 -2 0.036947
3 1 -2 0.036947
3 1 -2 0.036947
3 1 -2 0.036947
3 1 -2 0.036947
3 1 -2 0.036947
0 2 -2 -0.022127
0 2 -2 -0.022127
0 2 -2 -0.022127
0 2 -2 -0.022127
0 2 -2 -0.022127
0 2 -2 -0.022127
1 2 -2 0.103473
1 2 -2 0.103473
1 2 -2 0.103473
1 2 -2 0.103473
1 2 -2 0.103473
1 2 -2 0.103473
2 2 -2 0.200000
2 2 -2 0.200000
2 2 -2 0.200000
2 2 -2 0.200000
2 2 -2 0.200000
2 2 -2 0.200000
0 0 -1 -0.200000
0 0 -1 -0.200000
0 0 -1 -0.200000
0 0 -1 -0.200000
0 0 -1 -0.200000
0 0 -1 -0.200000
1 0 -1 -0.147667
1 0 -1 -0.147667
1 0 -1 -0.147667
1 0 -1 -0.147667
1 0 -1 -0.147667
1 0 -1 -0.147667
2 0 -1 0.087056
2 0 -1 0.087056
2 0 -1 0.087056
2 0 -1 0.087056
2 0 -1 0.087056
2 0 -1 0.087056
3 0 -1 0.200000
3 0 -1 0.200000
3 0 -1 0.200000
3 0 -1 0.200000
3 0 -1 0.200000
3 0 -1 0.200000
0 1 -1 -0.200000
0 1 -1 -0.200000
0 1 -1 -0.200000
0 1 -1 -0.200000
0 1 -1 -0.200000
0 1 -1 -0.200000
1 1 -1 -0.200000
1 1 -1 -0.200000
1 1 -1 -0.200000
1 1 -1 -0.200000
1 1 -1 -0.200000
1 1 -1 -0.200000
2 1 -1 0.037194
2 1 -1 0.037194
2 1 -1 0.037194
2 1 -1 0.037194
2 1 -1 0.037194
2 1 -1 0.037194
3 1 -1 0.200000
3 1 -1 0.200000
3 1 -1 0.200000
3 1 -1 0.200000
3 1 -1 0.200000
3 1 -1 0.200000
0 2 -1 -0.102288
0 2 -1 -0.102288
0 2 -1 -0.102288
0 2 -1 -0.102288
0 2 -1 -0.102288
0 2 -1 -0.102288
1 2 -1 -0.055719
1 2 -1 -0.055719
1 2 -1 -0.055719
1 2 -1 -0.055719
1 2 -1 -0.055719
1 2 -1 -0.055719
2 2 -1 0.200000
2 2 -1 0.200000
2 2 -1 0.200000
2 2 -1 0.200000
2 2 -1 0.200000
2 2 -1 0.200000
0 3 -1 0.200000
0 3 -1 0.200000
0 3 -1 0.200000
0 3 -1 0.200000
0 3 -1 0.200000
0 3 -1 0.200000
16 0 -3 0.176699
16 0 -3 0.176699
16 0 -3 0.176699
16 0 -3 0.176699
16 0 -3 0.176699
16 0 -3 0.176699
17 0 -3 0.200000
17 0 -3 0.200000
17 0 -3 0.200000
17 0 -3 0.200000
17 0 -3 0.200000
17 0 -3 0.200000
16 1 -3 0.132223
16 1 -3 0.132223
16 1 -3 0.132223
16 1 -3 0.132223
16 1 -3 0.132223
16 1 -3 0.132223
17 1 -3 0.200000
17 1 -3 0.200000
17 1 -3 0.200000
17 1 -3 0.200000
17 1 -3 0.200000
17 1 -3 0.200000
16 2 -3 0.200000
16 2 -3 0.200000
16 2 -3 0.200000
16 2 -3 0.200000
16 2 -3 0.200000
16 2 -3 0.200000
16 0 -2 -0.188242
16 0 -2 -0.188242
16 0 -2 -0.188242
16 0 -2 -0.188242
16 0 -2 -0.188242
16 0 -2 -0.188242
17 0 -2 -0.019522
17 0 -2 -0.019522
17 0 -2 -0.019522
17 0 -2 -0.019522
17 0 -2 -0.019522
17 0 -2 -0.019522
18 0 -2 0.117148
18 0 -2 0.117148
18 0 -2 0.117148
18 0 -2 0.117148
18 0 -2 0.117148
18 0 -2 0.117148
19 0 -2 0.076641
19 0 -2 0.076641
19 0 -2 0.076641
19 0 -2 0.076641
19 0 -2 0.076641
19 0 -2 0.076641
16 1 -2 -0.200000
16 1 -2 -0.200000
16 1 -2 -0.200000
16 1 -2 -0.200000
16 1 -2 -0.200000
16 1 -2 -0.200000
17 1 -2 -0.150919
17 1 -2 -0.150919
17 1 -2 -0.150919
17 1 -2 -0.150919
17 1 -2 -0.150919
17 1 -2 -0.150919
18 1 -2 0.113883
18 1 -2 0.113883
18 1 -2 0.113883
18 1 -2 0.113883
18 1 -2 0.113883
18 1 -2 0.113883
19 1 -2 0.036947
19 1 -2 0.036947
19 1 -2 0.036947
19 1 -2 0.036947
19 1 -2 0.036947
19 1 -2 0.036947
16 2 -2 -0.022127
16 2 -2 -0.022127
16 2 -2 -0.022127
16 2 -2 -0.022127
16 2 -2 -0.022127
16 2 -2 -0.022127
17 2 -2 0.103473
17 2 -2 0.103473
17 2 -2 0.103473
17 2 -2 0.103473
17 2 -2 0.103473
17 2 -2 0.103473
18 2 -2 0.200000
18 2 -2 0.200000
18 2 -2 0.200000
18 2 -2 0.200000
18 2 -2 0.200000
18 2 -2 0.200000
16 0 -1 -0.200000
16 0 -1 -0.200000
16 0 -1 -0.200000
16 0 -1 -0.200000
16 0 -1 -0.200000
16 0 -1 -0.200000
17 0 -1 -0.147667
17 0 -1 -0.147667
17 0 -1 -0.147667
17 0 -1 -0.147667
17 0 -1 -0.147667
17 0 -1 -0.147667
18 0 -1 0.087056
18 0 -1 0.087056
18 0 -1 0.087056
18 0 -1 0.087056
18 0 -1 0.087056
18 0 -1 0.087056
19 0 -1 0.200000
19 0 -1 0.200000
19 0 -1 0.200000
19 0 -1 0.200000
19 0 -1 0.200000
19 0 -1 0.200000
16 1 -1 -0.200000
16 1 -1 -0.200000
16 1 -1 -0.200000
16 1 -1 -0.200000
16 1 -1 -0.200000
16 1 -1 -0.200000
17 1 -1 -0.200000
17 1 -1 -0.200000
17 1 -1 -0.200000
17 1 -1 -0.200000
17 1 -1 -0.200000
17 1 -1 -0.200000
18 1 -1 0.037194
18 1 -1 0.037194
18 1 -1 0.037194
18 1 -1 0.037194
18 1 -1 0.037194
18 1 -1 0.037194
19 1 -1 0.200000
19 1 -1 0.200000
19 1 -1 0.200000
19 1 -1 0.200000
19 1 -1 0.200000
19 1 -1 0.200000
16 2 -1 -0.102288
16 2 -1 -0.102288
16 2 -1 -0.102288
16 2 -1 -0.102288
16 2 -1 -0.102288
16 2 -1 -0.102288
17 2 -1 -0.055719
17 2 -1 -0.055719
17 2 -1 -0.055719
17 2 -1 -0.055719
17 2 -1 -0.055719
17 2 -1 -0.055719
18 2 -1 0.200000
18 2 -1 0.200000
18 2 -1 0.200000
18 2 -1 0.200000
18 2 -1 0.200000
18 2 -1 0.200000
16 3 -1 0.200000
16 3 -1 0.200000
16 3 -1 0.200000
16 3 -1 0.200000
16 3 -1 0.200000
16 3 -1 0.200000
0 16 -3 0.176699
0 16 -3 0.176699
0 16 -3 0.176699
0 16 -3 0.176699
0 16 -3 0.176699
0 16 -3 0.176699
1 16 -3 0.200000
1 16 -3 0.200000
1 16 -3 0.200000
1 16 -3 0.200000
1 16 -3 0.200000
1 16 -3 0.200000
0 17 -3 0.132223
0 17 -3 0.132223
0 17 -3 0.132223
0 17 -3 0.132223
0 17 -3 0.132223
0 17 -3 0.132223
1 17 -3 0.200000
1 17 -3 0.200000
1 17 -3 0.200000
1 17 -3 0.200000
1 17 -3 0.200000
1 17 -3 0.200000
0 18 -3 0.200000
0 18 -3 0.200000
0 18 -3 0.200000
0 18 -3 0.200000
0 18 -3 0.200000
0 18 -3 0.200000
0 16 -2 -0.188242
0 16 -2 -0.188242
0 16 -2 -0.188242
0 16 -2 -0.188242
0 16 -2 -0.188242
0 16 -2 -0.188242
1 16 -2 -0.019522
1 16 -2 -0.019522
1 16 -2 -0.019522
1 16 -2 -0.019522
1 16 -2 -0.019522
1 16 -2 -0.019522
2 16 -2 0.117148
2 16 -2 0.117148
2 16 -2 0.117148
2 16 -2 0.117148
2 16 -2 0.117148
2 16 -2 0.117148
3 16 -2 0.076641
3 16 -2 0.076641
3 16 -2 0.076641
3 16 -2 0.076641
3 16 -2 0.076641
3 16 -2 0.076641
0 17 -2 -0.200000
0 17 -2 -0.200000
0 17 -2 -0.200000
0 17 -2 -0.200000
0 17 -2 -0.200000
0 17 -2 -0.200000
1 17 -2 -0.150919
1 17 -2 -0.150919
1 17 -2 -0.150919
1 17 -2 -0.150919
1 17 -2 -0.150919
1 17 -2 -0.150919
2 17 -2 0.113883
2 17 -2 0.113883
2 17 -2 0.113883
2 17 -2 0.113883
2 17 -2 0.113883
2 17 -2 0.113883
3 17 -2 0.036947
3 17 -2 0.036947
3 17 -2 0.036947
3 17 -2 0.036947
3 17 -2 0.036947
3 17 -2 0.036947
0 18 -2 -0.022127
0 18 -2 -0.022127
0 18 -2 -0.022127
0 18 -2 -0.022127
0 18 -2 -0.022127
0 18 -2 -0.022127
1 18 -2 0.103473
1 18 -2 0.103473
1 18 -2 0.103473
1 18 -2 0.103473
1 18 -2 0.103473
1 18 -2 0.103473
2 18 -2 0.200000
2 18 -2 0.200000
2 18 -2 0.200000
2 18 -2 0.200000
2 18 -2 0.200000
2 18 -2 0.200000
0 16 -1 -0.200000
0 16 -1 -0.200000
0 16 -1 -0.200000
0 16 -1 -0.200000
0 16 -1 -0.200000
0 16 -1 -0.200000
1 16 -1 -0.147667
1 16 -1 -0.147667
1 16 -1 -0.147667
1 16 -1 -0.147667
1 16 -1 -0.147667
1 16 -1 -0.147667
2 16 -1 0.087056
2 16 -1 0.087056
2 16 -1 0.087056
2 16 -1 0.087056
2 16 -1 0.087056
2 16 -1 0.087056
3 16 -1 0.200000
3 16 -1 0.200000
3 16 -1 0.200000
3 16 -1 0.200000
3 16 -1 0.200000
3 16 -1 0.200000
0 17 -1 -0.200000
0 17 -1 -0.200000
0 17 -1 -0.200000
0 17 -1 -0.200000
0 17 -1 -0.200000
0 17 -1 -0.200000
1 17 -1 -0.200000
1 17 -1 -0.200000
1 17 -1 -0.200000
1 17 -1 -0.200000
1 17 -1 -0.200000
1 17 -1 -0.200000
2 17 -1 0.037194
2 17 -1 0.037194
2 17 -1 0.037194
2 17 -1 0.037194
2 17 -1 0.037194
2 17 -1 0.037194
3 17 -1 0.200000
3 17 -1 0.200000
3 17 -1 0.200000
3 17 -1 0.200000
3 17 -1 0.200000
3 17 -1 0.200000
0 18 -1 -0.102288
0 18 -1 -0.102288
0 18 -1 -0.102288
0 18 -1 -0.102288
0 18 -1 -0.102288
0 18 -1 -0.102288
1 18 -1 -0.055719
1 18 -1 -0.055719
1 18 -1 -0.055719
1 18 -1 -0.055719
1 18 -1 -0.055719
1 18 -1 -0.055719
2 18 -1 0.200000
2 18 -1 0.200000
2 18 -1 0.200000
2 18 -1 0.200000
2 18 -1 0.200000
2 18 -1 0.200000
0 19 -1 0.200000
0 19 -1 0.200000
0 19 -1 0.200000
0 19 -1 0.200000
0 19 -1 0.200000
0 19 -1 0.200000
16 16 -3 0.176699
16 16 -3 0.176699
16 16 -3 0.176699
16 16 -3 0.176699
16 16 -3 0.176699
16 16 -3 0.176699
17 16 -3 0.200000
17 16 -3 0.200000
17 16 -3 0.200000
17 16 -3 0.200000
17 16 -3 0.200000
17 16 -3 0.200000
16 17 -3 0.132223
16 17 -3 0.132223
16 17 -3 0.132223
16 17 -3 0.132223
16 17 -3 0.132223
16 17 -3 0.132223
17 17 -3 0.200000
17 17 -3 0.200000
17 17 -3 0.200000
17 17 -3 0.200000
17 17 -3 0.200000
17 17 -3 0.200000
16 18 -3 0.200000
16 18 -3 0.200000
16 18 -3 0.200000
16 18 -3 0.200000
16 18 -3 0.200000
16 18 -3 0.200000
16 16 -2 -0.188242
16 16 -2 -0.188242
16 16 -2 -0.188242
16 16 -2 -0.188242
16 16 -2 -0.188242
16 16 -2 -0.188242
17 16 -2 -0.019522
17 16 -2 -0.019522
17 16 -2 -0.019522
17 16 -2 -0.019522
17 16 -2 -0.019522
17 16 -2 -0.019522
18 16 -2 0.117148
18 16 -2 0.117148
18 16 -2 0.117148
18 16 -2 0.117148
18 16 -2 0.117148
18 16 -2 0.117148
19 16 -2 0.076641
19 16 -2 0.076641
19 16 -2 0.076641
19 16 -2 0.076641
19 16 -2 0.076641
19 16 -2 0.076641
16 17 -2 -0.200000
16 17 -2 -0.200000
16 17 -2 -0.200000
16 17 -2 -0.200000
16 17 -2 -0.200000
16 17 -2 -0.200000
17 17 -2 -0.150919
17 17 -2 -0.150919
17 17 -2 -0.150919
17 17 -2 -0.150919
17 17 -2 -0.150919
17 17 -2 -0.150919
18 17 -2 0.113883
18 17 -2 0.113883
18 17 -2 0.113883
18 17 -2 0.113883
18 17 -2 0.113883
18 17 -2 0.113883
19 17 -2 0.036947
19 17 -2 0.036947
19 17 -2 0.036947
19 17 -2 0.036947
19 17 -2 0.036947
19 17 -2 0.036947
16 18 -2 -0.022127
16 18 -2 -0.022127
16 18 -2 -0.022127
16 18 -2 -0.022127
16 18 -2 -0.022127
16 18 -2 -0.022127
17 18 -2 0.103473
17 18 -2 0.103473
17 18 -2 0.103473
17 18 -2 0.103473
17 18 -2 0.103473
17 18 -2 0.103473
18 18 -2 0.200000
18 18 -2 0.200000
18 18 -2 0.200000
18 18 -2 0.200000
18 18 -2 0.200000
18 18 -2 0.200000
16 16 -1 -0.200000
16 16 -1 -0.200000
16 16 -1 -0.200000
16 16 -1 -0.200000
16 16 -1 -0.200000
16 16 -1 -0.200000
17 16 -1 -0.147667
17 16 -1 -0.147667
17 16 -1 -0.147667
17 16 -1 -0.147667
17 16 -1 -0.147667
17 16 -1 -0.147667
18 16 -1 0.087056
18 16 -1 0.087056
18 16 -1 0.087056
18 16 -1 0.087056
18 16 -1 0.087056
18 16 -1 0.087056
19 16 -1 0.200000
19 16 -1 0.200000
19 16 -1 0.200000
19 16 -1 0.200000
19 16 -1 0.200000
19 16 -1 0.200000
16 17 -1 -0.200000
16 17 -1 -0.200000
16 17 -1 -0.200000
16 17 -1 -0.200000
16 17 -1 -0.200000
16 17 -1 -0.200000
17 17 -1 -0.200000
17 17 -1 -0.200000
17 17 -1 -0.200000
17 17 -1 -0.200000
17 17 -1 -0.200000
17 17 -1 -0.200000
18 17 -1 0.037194
18 17 -1 0.037194
18 17 -1 0.037194
18 17 -1 0.037194
18 17 -1 0.037194
18 17 -1 0.037194
19 17 -1 0.200000
19 17 -1 0.200000
19 17 -1 0.200000
19 17 -1 0.200000
19 17 -1 0.200000
19 17 -1 0.200000
16 18 -1 -0.102288
16 18 -1 -0.102288
16 18 -1 -0.102288
16 18 -1 -0.102288
16 18 -1 -0.102288
16 18 -1 -0.102288
17 18 -1 -0.055719
17 18 -1 -0.055719
17 18 -1 -0.055719
17 18 -1 -0.055719
17 18 -1 -0.055719
17 18 -1 -0.055719
18 18 -1 0.200000
18 18 -1 0.200000
18 18 -1 0.200000
18 18 -1 0.200000
18 18 -1 0.200000
18 18 -1 0.200000
16 19 -1 0.200000
16 19 -1 0.200000
16 19 -1 0.200000
16 19 -1 0.200000
16 19 -1 0.200000
16 19 -1 0.200000
-2 -19 0 0.200000
-2 -19 0 0.200000
-2 -19 0 0.200000
-2 -19 0 0.200000
-2 -19 0 0.200000
-2 -19 0 0.200000
-1 -19 0 0.200000
-1 -19 0 0.200000
-1 -19 0 0.200000
-1 -19 0 0.200000
-1 -19 0 0.200000
-1 -19 0 0.200000
-2 -18 0 0.200000
-2 -18 0 0.200000
-2 -18 0 0.200000
-2 -18 0 0.200000
-2 -18 0 0.200000
-2 -18 0 0.200000
-1 -18 0 0.112033
-1 -18 0 0.112033
-1 -18 0 0.112033
-1 -18 0 0.112033
-1 -18 0 0.112033
-1 -18 0 0.112033
-3 -17 0 0.177435
-3 -17 0 0.177435
-3 -17 0 0.177435
-3 -17 0 0.177435
-3 -17 0 0.177435
-3 -17 0 0.177435
-2 -17 0 -0.060001
-2 -17 0 -0.060001
-2 -17 0 -0.060001
-2 -17 0 -0.060001
-2 -17 0 -0.060001
-2 -17 0 -0.060001
-1 -17 0 -0.200000
-1 -17 0 -0.200000
-1 -17 0 -0.200000
-1 -17 0 -0.200000
-1 -17 0 -0.200000
-1 -17 0 -0.200000
-2 -19 1 0.195747
-2 -19 1 0.195747
-2 -19 1 0.195747
-2 -19 1 0.195747
-2 -19 1 0.195747
-2 -19 1 0.195747
-1 -19 1 0.028228
-1 -19 1 0.028228
-1 -19 1 0.028228
-1 -19 1 0.028228
-1 -19 1 0.028228
-1 -19 1 0.028228
-2 -18 1 0.200000
-2 -18 1 0.200000
-2 -18 1 0.200000
-2 -18 1 0.200000
-2 -18 1 0.200000
-2 -18 1 0.200000
-1 -18 1 -0.083720
-1 -18 1 -0.083720
-1 -18 1 -0.083720
-1 -18 1 -0.083720
-1 -18 1 -0.083720
-1 -18 1 -0.083720
-2 -17 1 0.023706
-2 -17 1 0.023706
-2 -17 1 0.023706
-2 -17 1 0.023706
-2 -17 1 0.023706
-2 -17 1 0.023706
-1 -17 1 -0.184866
-1 -17 1 -0.184866
-1 -17 1 -0.184866
-1 -17 1 -0.184866
-1 -17 1 -0.184866
-1 -17 1 -0.184866
-1 -19 2 0.200000
-1 -19 2 0.200000
-1 -19 2 0.200000
-1 -19 2 0.200000
-1 -19 2 0.200000
-1 -19 2 0.200000
-1 -18 2 0.129871
-1 -18 2 0.129871
-1 -18 2 0.129871
-1 -18 2 0.129871
-1 -18 2 0.129871
-1 -18 2 0.129871
-2 -17 2 0.200000
-2 -17 2 0.200000
-2 -17 2 0.200000
-2 -17 2 0.200000
-2 -17 2 0.200000
-2 -17 2 0.200000
-1 -17 2 0.081214
-1 -17 2 0.081214
-1 -17 2 0.081214
-1 -17 2 0.081214
-1 -17 2 0.081214
-1 -17 2 0.081214
-18 -3 0 0.200000
-18 -3 0 0.200000
-18 -3 0 0.200000
-18 -3 0 0.200000
-18 -3 0 0.200000
-18 -3 0 0.200000
-17 -3 0 0.200000
-17 -3 0 0.200000
-17 -3 0 0.200000
-17 -3 0 0.200000
-17 -3 0 0.200000
-17 -3 0 0.200000
-18 -2 0 0.200000
-18 -2 0 0.200000
-18 -2 0 0.200000
-18 -2 0 0.200000
-18 -2 0 0.200000
-18 -2 0 0.200000
-17 -2 0 0.112033
-17 -2 0 0.112033
-17 -2 0 0.112033
-17 -2 0 0.112033
-17 -2 0 0.112033
-17 -2 0 0.112033
-19 -1 0 0.177435
-19 -1 0 0.177435
-19 -1 0 0.177435
-19 -1 0 0.177435
-19 -1 0 0.177435
-19 -1 0 0.177435
-18 -1 0 -0.060001
-18 -1 0 -0.060001
-18 -1 0 -0.060001
-18 -1 0 -0.060001
-18 -1 0 -0.060001
-18 -1 0 -0.060001
-17 -1 0 -0.200000
-17 -1 0 -0.200000
-17 -1 0 -0.200000
-17 -1 0 -0.200000
-17 -1 0 -0.200000
-17 -1 0 -0.200000
-18 -3 1 0.195747
-18 -3 1 0.195747
-18 -3 1 0.195747
-18 -3 1 0.195747
-18 -3 1 0.195747
-18 -3 1 0.195747
-17 -3 1 0.028228
-17 -3 1 0.028228
-17 -3 1 0.028228
-17 -3 1 0.028228
-17 -3 1 0.028228
-17 -3 1 0.028228
-18 -2 1 0.200000
-18 -2 1 0.200000
-18 -2 1 0.200000
-18 -2 1 0.200000
-18 -2 1 0.200000
-18 -2 1 0.200000
-17 -2 1 -0.083720
-17 -2 1 -0.083720
-17 -2 1 -0.083720
-17 -2 1 -0.083720
-17 -2 1 -0.083720
-17 -2 1 -0.083720
-18 -1 1 0.023706
-18 -1 1 0.023706
-18 -1 1 0.023706
-18 -1 1 0.023706
-18 -1 1 0.023706
-18 -1 1 0.023706
-17 -1 1 -0.184866
-17 -1 1 -0.184866
-17 -1 1 -0.184866
-17 -1 1 -0.184866
-17 -1 1 -0.184866
-17 -1 1 -0.184866
-17 -3 2 0.200000
-17 -3 2 0.200000
-17 -3 2 0.200000
-17 -3 2 0.200000
-17 -3 2 0.200000
-17 -3 2 0.200000
-17 -2 2 0.129871
-17 -2 2 0.129871
-17 -2 2 0.129871
-17 -2 2 0.129871
-17 -2 2 0.129871
-17 -2 2 0.129871
-18 -1 2 0.200000
-18 -1 2 0.200000
-18 -1 2 0.200000
-18 -1 2 0.200000
-18 -1 2 0.200000
-18 -1 2 0.200000
-17 -1 2 0.081214
-17 -1 2 0.081214
-17 -1 2 0.081214
-17 -1 2 0.081214
-17 -1 2 0.081214
-17 -1 2 0.081214
-2 -3 0 0.200000
-2 -3 0 0.200000
-2 -3 0 0.200000
-2 -3 0 0.200000
-2 -3 0 0.200000
-2 -3 0 0.200000
-1 -3 0 0.200000
-1 -3 0 0.200000
-1 -3 0 0.200000
-1 -3 0 0.200000
-1 -3 0 0.200000
-1 -3 0 0.200000
-2 -2 0 0.200000
-2 -2 0 0.200000
-2 -2 0 0.200000
-2 -2 0 0.200000
-2 -2 0 0.200000
-2 -2 0 0.200000
-1 -2 0 0.112033
-1 -2 0 0.112033
-1 -2 0 0.112033
-1 -2 0 0.112033
-1 -2 0 0.112033
-1 -2 0 0.112033
-3 -1 0 0.177435
-3 -1 0 0.177435
-3 -1 0 0.177435
-3 -1 0 0.177435
-3 -1 0 0.177435
-3 -1 0 0.177435
-2 -1 0 -0.060001
-2 -1 0 -0.060001
-2 -1 0 -0.060001
-2 -1 0 -0.060001
-2 -1 0 -0.060001
-2 -1 0 -0.060001
-1 -1 0 -0.200000
-1 -1 0 -0.200000
-1 -1 0 -0.200000
-1 -1 0 -0.200000
-1 -1 0 -0.200000
-1 -1 0 -0.200000
-2 -3 1 0.195747
-2 -3 1 0.195747
-2 -3 1 0.195747
-2 -3 1 0.195747
-2 -3 1 0.195747
-2 -3 1 0.195747
-1 -3 1 0.028228
-1 -3 1 0.028228
-1 -3 1 0.028228
-1 -3 1 0.028228
-1 -3 1 0.028228
-1 -3 1 0.028228
-2 -2 1 0.200000
-2 -2 1 0.200000
-2 -2 1 0.200000
-2 -2 1 0.200000
-2 -2 1 0.200000
-2 -2 1 0.200000
-1 -2 1 -0.083720
-1 -2 1 -0.083720
-1 -2 1 -0.083720
-1 -2 1 -0.083720
-1 -2 1 -0.083720
-1 -2 1 -0.083720
-2 -1 1 0.023706
-2 -1 1 0.023706
-2 -1 1 0.023706
-2 -1 1 0.023706
-2 -1 1 0.023706
-2 -1 1 0.023706
-1 -1 1 -0.184866
-1 -1 1 -0.184866
-1 -1 1 -0.184866
-1 -1 1 -0.184866
-1 -1 1 -0.184866
-1 -1 1 -0.184866
-1 -3 2 0.200000
-1 -3 2 0.200000
-1 -3 2 0.200000
-1 -3 2 0.200000
-1 -3 2 0.200000
-1 -3 2 0.200000
-1 -2 2 0.129871
-1 -2 2 0.129871
-1 -2 2 0.129871
-1 -2 2 0.129871
-1 -2 2 0.129871
-1 -2 2 0.129871
-2 -1 2 0.200000
-2 -1 2 0.200000
-2 -1 2 0.200000
-2 -1 2 0.200000
-2 -1 2 0.200000
-2 -1 2 0.200000
-1 -1 2 0.081214
-1 -1 2 0.081214
-1 -1 2 0.081214
-1 -1 2 0.081214
-1 -1 2 0.081214
-1 -1 2 0.081214
-2 -19 16 0.200000
-2 -19 16 0.200000
-2 -19 16 0.200000
-2 -19 16 0.200000
-2 -19 16 0.200000
-2 -19 16 0.200000
-1 -19 16 0.200000
-1 -19 16 0.200000
-1 -19 16 0.200000
-1 -19 16 0.200000
-1 -19 16 0.200000
-1 -19 16 0.200000
-2 -18 16 0.200000
-2 -18 16 0.200000
-2 -18 16 0.200000
-2 -18 16 0.200000
-2 -18 16 0.200000
-2 -18 16 0.200000
-1 -18 16 0.112033
-1 -18 16 0.112033
-1 -18 16 0.112033
-1 -18 16 0.112033
-1 -18 16 0.112033
-1 -18 16 0.112033
-3 -17 16 0.177435
-3 -17 16 0.177435
-3 -17 16 0.177435
-3 -17 16 0.177435
-3 -17 16 0.177435
-3 -17 16 0.177435
-2 -17 16 -0.060001
-2 -17 16 -0.060001
-2 -17 16 -0.060001
-2 -17 16 -0.060001
-2 -17 16 -0.060001
-2 -17 16 -0.060001
-1 -17 16 -0.200000
-1 -17 16 -0.200000
-1 -17 16 -0.200000
-1 -17 16 -0.200000
-1 -17 16 -0.200000
-1 -17 16 -0.200000
-2 -19 17 0.195747
-2 -19 17 0.195747
-2 -19 17 0.195747
-2 -19 17 0.195747
-2 -19 17 0.195747
-2 -19 17 0.195747
-1 -19 17 0.028228
-1 -19 17 0.028228
-1 -19 17 0.028228
-1 -19 17 0.028228
-1 -19 17 0.028228
-1 -19 17 0.028228
-2 -18 17 0.200000
-2 -18 17 0.200000
-2 -18 17 0.200000
-2 -18 17 0.200000
-2 -18 17 0.200000
-2 -18 17 0.200000
-1 -18 17 -0.083720
-1 -18 17 -0.083720
-1 -18 17 -0.083720
-1 -18 17 -0.083720
-1 -18 17 -0.083720
-1 -18 17 -0.083720
-2 -17 17 0.023706
-2 -17 17 0.023706
-2 -17 17 0.023706
-2 -17 17 0.023706
-2 -17 17 0.023706
-2 -17 17 0.023706
-1 -17 17 -0.184866
-1 -17 17 -0.184866
-1 -17 17 -0.184866
-1 -17 17 -0.184866
-1 -17 17 -0.184866
-1 -17 17 -0.184866
-1 -19 18 0.200000
-1 -19 18 0.200000
-1 -19 18 0.200000
-1 -19 18 0.200000
-1 -19 18 0.200000
-1 -19 18 0.200000
-1 -18 18 0.129871
-1 -18 18 0.129871
-1 -18 18 0.129871
-1 -18 18 0.129871
-1 -18 18 0.129871
-1 -18 18 0.129871
-2 -17 18 0.200000
-2 -17 18 0.200000
-2 -17 18 0.200000
-2 -17 18 0.200000
-2 -17 18 0.200000
-2 -17 18 0.200000
-1 -17 18 0.081214
-1 -17 18 0.081214
-1 -17 18 0.081214
-1 -17 18 0.081214
-1 -17 18 0.081214
-1 -17 18 0.081214
-2 -3 16 0.200000
-2 -3 16 0.200000
-2 -3 16 0.200000
-2 -3 16 0.200000
-2 -3 16 0.200000
-2 -3 16 0.200000
-1 -3 16 0.200000
-1 -3 16 0.200000
-1 -3 16 0.200000
-1 -3 16 0.200000
-1 -3 16 0.200000
-1 -3 16 0.200000
-2 -2 16 0.200000
-2 -2 16 0.200000
-2 -2 16 0.200000
-2 -2 16 0.200000
-2 -2 16 0.200000
-2 -2 16 0.200000
-1 -2 16 0.112033
-1 -2 16 0.112033
-1 -2 16 0.112033
-1 -2 16 0.112033
-1 -2 16 0.112033
-1 -2 16 0.112033
-3 -1 16 0.177435
-3 -1 16 0.177435
-3 -1 16 0.177435
-3 -1 16 0.177435
-3 -1 16 0.177435
-3 -1 16 0.177435
-2 -1 16 -0.060001
-2 -1 16 -0.060001
-2 -1 16 -0.060001
-2 -1 16 -0.060001
-2 -1 16 -0.060001
-2 -1 16 -0.060001
-1 -1 16 -0.200000
-1 -1 16 -0.200000
-1 -1 16 -0.200000
-1 -1 16 -0.200000
-1 -1 16 -0.200000
-1 -1 16 -0.200000
-2 -3 17 0.195747
-2 -3 17 0.195747
-2 -3 17 0.195747
-2 -3 17 0.195747
-2 -3 17 0.195747
-2 -3 17 0.195747
-1 -3 17 0.028228
-1 -3 17 0.028228
-1 -3 17 0.028228
-1 -3 17 0.028228
-1 -3 17 0.028228
-1 -3 17 0.028228
-2 -2 17 0.200000
-2 -2 17 0.200000
-2 -2 17 0.200000
-2 -2 17 0.200000
-2 -2 17 0.200000
-2 -2 17 0.200000
-1 -2 17 -0.083720
-1 -2 17 -0.083720
-1 -2 17 -0.083720
-1 -2 17 -0.083720
-1 -2 17 -0.083720
-1 -2 17 -0.083720
-2 -1 17 0.023706
-2 -1 17 0.023706
-2 -1 17 0.023706
-2 -1 17 0.023706
-2 -1 17 0.023706
-2 -1 17 0.023706
-1 -1 17 -0.184866
-1 -1 17 -0.184866
-1 -1 17 -0.184866
-1 -1 17 -0.184866
-1 -1 17 -0.184866
-1 -1 17 -0.184866
-1 -3 18 0.200000
-1 -3 18 0.200000
-1 -3 18 0.200000
-1 -3 18 0.200000
-1 -3 18 0.200000
-1 -3 18 0.200000
-1 -2 18 0.129871
-1 -2 18 0.129871
-1 -2 18 0.129871
-1 -2 18 0.129871
-1 -2 18 0.129871
-1 -2 18 0.129871
-2 -1 18 0.200000
-2 -1 18 0.200000
-2 -1 18 0.200000
-2 -1 18 0.200000
-2 -1 18 0.200000
-2 -1 18 0.200000
-1 -1 18 0.081214
-1 -1 18 0.081214
-1 -1 18 0.081214
-1 -1 18 0.081214
-1 -1 18 0.081214
-1 -1 18 0.081214
0 -19 0 0.200000
0 -19 0 0.200000
0 -19 0 0.200000
0 -19 0 0.200000
0 -19 0 0.200000
0 -19 0 0.200000
1 -19 0 0.200000
1 -19 0 0.200000
1 -19 0 0.200000
1 -19 0 0.200000
1 -19 0 0.200000
1 -19 0 0.200000
0 -18 0 0.097150
0 -18 0 0.097150
0 -18 0 0.097150
0 -18 0 0.097150
0 -18 0 0.097150
0 -18 0 0.097150
1 -18 0 0.200000
1 -18 0 0.200000
1 -18 0 0.200000
1 -18 0 0.200000
1 -18 0 0.200000
1 -18 0 0.200000
0 -17 0 -0.200000
0 -17 0 -0.200000
0 -17 0 -0.200000
0 -17 0 -0.200000
0 -17 0 -0.200000
0 -17 0 -0.200000
1 -17 0 -0.097225
1 -17 0 -0.097225
1 -17 0 -0.097225
1 -17 0 -0.097225
1 -17 0 -0.097225
1 -17 0 -0.097225
2 -17 0 0.117655
2 -17 0 0.117655
2 -17 0 0.117655
2 -17 0 0.117655
2 -17 0 0.117655
2 -17 0 0.117655
0 -19 1 0.031298
0 -19 1 0.031298
0 -19 1 0.031298
0 -19 1 0.031298
0 -19 1 0.031298
0 -19 1 0.031298
1 -19 1 0.109478
1 -19 1 0.109478
1 -19 1 0.109478
1 -19 1 0.109478
1 -19 1 0.109478
1 -19 1 0.109478
0 -18 1 -0.102248
0 -18 1 -0.102248
0 -18 1 -0.102248
0 -18 1 -0.102248
0 -18 1 -0.102248
0 -18 1 -0.102248
1 -18 1 0.144687
1 -18 1 0.144687
1 -18 1 0.144687
1 -18 1 0.144687
1 -18 1 0.144687
1 -18 1 0.144687
0 -17 1 -0.200000
0 -17 1 -0.200000
0 -17 1 -0.200000
0 -17 1 -0.200000
0 -17 1 -0.200000
0 -17 1 -0.200000
1 -17 1 -0.028926
1 -17 1 -0.028926
1 -17 1 -0.028926
1 -17 1 -0.028926
1 -17 1 -0.028926
1 -17 1 -0.028926
2 -17 1 0.200000
2 -17 1 0.200000
2 -17 1 0.200000
2 -17 1 0.200000
2 -17 1 0.200000
2 -17 1 0.200000
0 -19 2 0.200000
0 -19 2 0.200000
0 -19 2 0.200000
0 -19 2 0.200000
0 -19 2 0.200000
0 -19 2 0.200000
1 -19 2 0.200000
1 -19 2 0.200000
1 -19 2 0.200000
1 -19 2 0.200000
1 -19 2 0.200000
1 -19 2 0.200000
0 -18 2 0.129912
0 -18 2 0.129912
0 -18 2 0.129912
0 -18 2 0.129912
0 -18 2 0.129912
0 -18 2 0.129912
1 -18 2 0.200000
1 -18 2 0.200000
1 -18 2 0.200000
1 -18 2 0.200000
1 -18 2 0.200000
1 -18 2 0.200000
0 -17 2 0.098883
0 -17 2 0.098883
0 -17 2 0.098883
0 -17 2 0.098883
0 -17 2 0.098883
0 -17 2 0.098883
1 -17 2 0.187452
1 -17 2 0.187452
1 -17 2 0.187452
1 -17 2 0.187452
1 -17 2 0.187452
1 -17 2 0.187452
0 -3 0 0.200000
0 -3 0 0.200000
0 -3 0 0.200000
0 -3 0 0.200000
0 -3 0 0.200000
0 -3 0 0.200000
1 -3 0 0.200000
1 -3 0 0.200000
1 -3 0 0.200000
1 -3 0 0.200000
1 -3 0 0.200000
1 -3 0 0.200000
0 -2 0 0.097150
0 -2 0 0.097150
0 -2 0 0.097150
0 -2 0 0.097150
0 -2 0 0.097150
0 -2 0 0.097150
1 -2 0 0.200000
1 -2 0 0.200000
1 -2 0 0.200000
1 -2 0 0.200000
1 -2 0 0.200000
1 -2 0 0.200000
0 -1 0 -0.200000
0 -1 0 -0.200000
0 -1 0 -0.200000
0 -1 0 -0.200000
0 -1 0 -0.200000
0 -1 0 -0.200000
1 -1 0 -0.097225
1 -1 0 -0.097225
1 -1 0 -0.097225
1 -1 0 -0.097225
1 -1 0 -0.097225
1 -1 0 -0.097225
2 -1 0 0.117655
2 -1 0 0.117655
2 -1 0 0.117655
2 -1 0 0.117655
2 -1 0 0.117655
2 -1 0 0.117655
0 -3 1 0.031298
0 -3 1 0.031298
0 -3 1 0.031298
0 -3 1 0.031298
0 -3 1 0.031298
0 -3 1 0.031298
1 -3 1 0.109478
1 -3 1 0.109478
1 -3 1 0.109478
1 -3 1 0.109478
1 -3 1 0.109478
1 -3 1 0.109478
0 -2 1 -0.102248
0 -2 1 -0.102248
0 -2 1 -0.102248
0 -2 1 -0.102248
0 -2 1 -0.102248
0 -2 1 -0.102248
1 -2 1 0.144687
1 -2 1 0.144687
1 -2 1 0.144687
1 -2 1 0.144687
1 -2 1 0.144687
1 -2 1 0.144687
0 -1 1 -0.200000
0 -1 1 -0.200000
0 -1 1 -0.200000
0 -1 1 -0.200000
0 -1 1 -0.200000
0 -1 1 -0.200000
1 -1 1 -0.028926
1 -1 1 -0.028926
1 -1 1 -0.028926
1 -1 1 -0.028926
1 -1 1 -0.028926
1 -1 1 -0.028926
2 -1 1 0.200000
2 -1 1 0.200000
2 -1 1 0.200000
2 -1 1 0.200000
2 -1 1 0.200000
2 -1 1 0.200000
0 -3 2 0.200000
0 -3 2 0.200000
0 -3 2 0.200000
0 -3 2 0.200000
0 -3 2 0.200000
0 -3 2 0.200000
1 -3 2 0.200000
1 -3 2 0.200000
1 -3 2 0.200000
1 -3 2 0.200000
1 -3 2 0.200000
1 -3 2 0.200000
0 -2 2 0.129912
0 -2 2 0.129912
0 -2 2 0.129912
0 -2 2 0.129912
0 -2 2 0.129912
0 -2 2 0.129912
1 -2 2 0.200000
1 -2 2 0.200000
1 -2 2 0.200000
1 -2 2 0.200000
1 -2 2 0.200000
1 -2 2 0.200000
0 -1 2 0.098883
0 -1 2 0.098883
0 -1 2 0.098883
0 -1 2 0.098883
0 -1 2 0.098883
0 -1 2 0.098883
1 -1 2 0.187452
1 -1 2 0.187452
1 -1 2 0.187452
1 -1 2 0.187452
1 -1 2 0.187452
1 -1 2 0.187452
16 -3 0 0.200000
16 -3 0 0.200000
16 -3 0 0.200000
16 -3 0 0.200000
16 -3 0 0.200000
16 -3 0 0.200000
17 -3 0 0.200000
17 -3 0 0.200000
17 -3 0 0.200000
17 -3 0 0.200000
17 -3 0 0.200000
17 -3 0 0.200000
16 -2 0 0.097150
16 -2 0 0.097150
16 -2 0 0.097150
16 -2 0 0.097150
16 -2 0 0.097150
16 -2 0 0.097150
17 -2 0 0.200000
17 -2 0 0.200000
17 -2 0 0.200000
17 -2 0 0.200000
17 -2 0 0.200000
17 -2 0 0.200000
16 -1 0 -0.200000
16 -1 0 -0.200000
16 -1 0 -0.200000
16 -1 0 -0.200000
16 -1 0 -0.200000
16 -1 0 -0.200000
17 -1 0 -0.097225
17 -1 0 -0.097225
17 -1 0 -0.097225
17 -1 0 -0.097225
17 -1 0 -0.097225
17 -1 0 -0.097225
18 -1 0 0.117655
18 -1 0 0.117655
18 -1 0 0.117655
18 -1 0 0.117655
18 -1 0 0.117655
18 -1 0 0.117655
16 -3 1 0.031298
16 -3 1 0.031298
16 -3 1 0.031298
16 -3 1 0.031298
16 -3 1 0.031298
16 -3 1 0.031298
17 -3 1 0.109478
17 -3 1 0.109478
17 -3 1 0.109478
17 -3 1 0.109478
17 -3 1 0.109478
17 -3 1 0.109478
16 -2 1 -0.102248
16 -2 1 -0.102248
16 -2 1 -0.102248
16 -2 1 -0.102248
16 -2 1 -0.102248
16 -2 1 -0.102248
17 -2 1 0.144687
17 -2 1 0.144687
17 -2 1 0.144687
17 -2 1 0.144687
17 -2 1 0.144687
17 -2 1 0.144687
16 -1 1 -0.200000
16 -1 1 -0.200000
16 -1 1 -0.200000
16 -1 1 -0.200000
16 -1 1 -0.200000
16 -1 1 -0.200000
17 -1 1 -0.028926
17 -1 1 -0.028926
17 -1 1 -0.028926
17 -1 1 -0.028926
17 -1 1 -0.028926
17 -1 1 -0.028926
18 -1 1 0.200000
18 -1 1 0.200000
18 -1 1 0.200000
18 -1 1 0.200000
18 -1 1 0.200000
18 -1 1 0.200000
16 -3 2 0.200000
16 -3 2 0.200000
16 -3 2 0.200000
16 -3 2 0.200000
16 -3 2 0.200000
16 -3 2 0.200000
17 -3 2 0.200000
17 -3 2 0.200000
17 -3 2 0.200000
17 -3 2 0.200000
17 -3 2 0.200000
17 -3 2 0.200000
16 -2 2 0.129912
16 -2 2 0.129912
16 -2 2 0.129912
16 -2 2 0.129912
16 -2 2 0.129912
16 -2 2 0.129912
17 -2 2 0.200000
17 -2 2 0.200000
17 -2 2 0.200000
17 -2 2 0.200000
17 -2 2 0.200000
17 -2 2 0.200000
16 -1 2 0.098883
16 -1 2 0.098883
16 -1 2 0.098883
16 -1 2 0.098883
16 -1 2 0.098883
16 -1 2 0.098883
17 -1 2 0.187452
17 -1 2 0.187452
17 -1 2 0.187452
17 -1 2 0.187452
17 -1 2 0.187452
17 -1 2 0.187452
0 -19 16 0.200000
0 -19 16 0.200000
0 -19 16 0.200000
0 -19 16 0.200000
0 -19 16 0.200000
0 -19 16 0.200000
1 -19 16 0.200000
1 -19 16 0.200000
1 -19 16 0.200000
1 -19 16 0.200000
1 -19 16 0.200000
1 -19 16 0.200000
0 -18 16 0.097150
0 -18 16 0.097150
0 -18 16 0.097150
0 -18 16 0.097150
0 -18 16 0.097150
0 -18 16 0.097150
1 -18 16 0.200000
1 -18 16 0.200000
1 -18 16 0.200000
1 -18 16 0.200000
1 -18 16 0.200000
1 -18 16 0.200000
0 -17 16 -0.200000
0 -17 16 -0.200000
0 -17 16 -0.200000
0 -17 16 -0.200000
0 -17 16 -0.200000
0 -17 16 -0.200000
1 -17 16 -0.097225
1 -17 16 -0.097225
1 -17 16 -0.097225
1 -17 16 -0.097225
1 -17 16 -0.097225
1 -17 16 -0.097225
2 -17 16 0.117655
2 -17 16 0.117655
2 -17 16 0.117655
2 -17 16 0.117655
2 -17 16 0.117655
2 -17 16 0.117655
0 -19 17 0.031298
0 -19 17 0.031298
0 -19 17 0.031298
0 -19 17 0.031298
0 -19 17 0.031298
0 -19 17 0.031298
1 -19 17 0.109478
1 -19 17 0.109478
1 -19 17 0.109478
1 -19 17 0.109478
1 -19 17 0.109478
1 -19 17 0.109478
0 -18 17 -0.102248
0 -18 17 -0.102248
0 -18 17 -0.102248
0 -18 17 -0.102248
0 -18 17 -0.102248
0 -18 17 -0.102248
1 -18 17 0.144687
1 -18 17 0.144687
1 -18 17 0.144687
1 -18 17 0.144687
1 -18 17 0.144687
1 -18 17 0.144687
0 -17 17 -0.200000
0 -17 17 -0.200000
0 -17 17 -0.200000
0 -17 17 -0.200000
0 -17 17 -0.200000
0 -17 17 -0.200000
1 -17 17 -0.028926
1 -17 17 -0.028926
1 -17 17 -0.028926
1 -17 17 -0.028926
1 -17 17 -0.028926
1 -17 17 -0.028926
2 -17 17 0.200000
2 -17 17 0.200000
2 -17 17 0.200000
2 -17 17 0.200000
2 -17 17 0.200000
2 -17 17 0.200000
0 -19 18 0.200000
0 -19 18 0.200000
0 -19 18 0.200000
0 -19 18 0.200000
0 -19 18 0.200000
0 -19 18 0.200000
1 -19 18 0.200000
1 -19 18 0.200000
1 -19 18 0.200000
1 -19 18 0.200000
1 -19 18 0.200000
1 -19 18 0.200000
0 -18 18 0.129912
0 -18 18 0.129912
0 -18 18 0.129912
0 -18 18 0.129912
0 -18 18 0.129912
0 -18 18 0.129912
1 -18 18 0.200000
1 -18 18 0.200000
1 -18 18 0.200000
1 -18 18 0.200000
1 -18 18 0.200000
1 -18 18 0.200000
0 -17 18 0.098883
0 -17 18 0.098883
0 -17 18 0.098883
0 -17 18 0.098883
0 -17 18 0.098883
0 -17 18 0.098883
1 -17 18 0.187452
1 -17 18 0.187452
1 -17 18 0.187452
1 -17 18 0.187452
1 -17 18 0.187452
1 -17 18 0.187452
0 -3 16 0.200000
0 -3 16 0.200000
0 -3 16 0.200000
0 -3 16 0.200000
0 -3 16 0.200000
0 -3 16 0.200000
1 -3 16 0.200000
1 -3 16 0.200000
1 -3 16 0.200000
1 -3 16 0.200000
1 -3 16 0.200000
1 -3 16 0.200000
0 -2 16 0.097150
0 -2 16 0.097150
0 -2 16 0.097150
0 -2 16 0.097150
0 -2 16 0.097150
0 -2 16 0.097150
1 -2 16 0.200000
1 -2 16 0.200000
1 -2 16 0.200000
1 -2 16 0.200000
1 -2 16 0.200000
1 -2 16 0.200000
0 -1 16 -0.200000
0 -1 16 -0.200000
0 -1 16 -0.200000
0 -1 16 -0.200000
0 -1 16 -0.200000
0 -1 16 -0.200000
1 -1 16 -0.097225
1 -1 16 -0.097225
1 -1 16 -0.097225
1 -1 16 -0.097225
1 -1 16 -0.097225
1 -1 16 -0.097225
2 -1 16 0.117655
2 -1 16 0.117655
2 -1 16 0.117655
2 -1 16 0.117655
2 -1 16 0.117655
2 -1 16 0.117655
0 -3 17 0.031298
0 -3 17 0.031298
0 -3 17 0.031298
0 -3 17 0.031298
0 -3 17 0.031298
0 -3 17 0.031298
1 -3 17 0.109478
1 -3 17 0.109478
1 -3 17 0.109478
1 -3 17 0.109478
1 -3 17 0.109478
1 -3 17 0.109478
0 -2 17 -0.102248
0 -2 17 -0.102248
0 -2 17 -0.102248
0 -2 17 -0.102248
0 -2 17 -0.102248
0 -2 17 -0.102248
1 -2 17 0.144687
1 -2 17 0.144687
1 -2 17 0.144687
1 -2 17 0.144687
1 -2 17 0.144687
1 -2 17 0.144687
0 -1 17 -0.200000
0 -1 17 -0.200000
0 -1 17 -0.200000
0 -1 17 -0.200000
0 -1 17 -0.200000
0 -1 17 -0.200000
1 -1 17 -0.028926
1 -1 17 -0.028926
1 -1 17 -0.028926
1 -1 17 -0.028926
1 -1 17 -0.028926
1 -1 17 -0.028926
2 -1 17 0.200000
2 -1 17 0.200000
2 -1 17 0.200000
2 -1 17 0.200000
2 -1 17 0.200000
2 -1 17 0.200000
0 -3 18 0.200000
0 -3 18 0.200000
0 -3 18 0.200000
0 -3 18 0.200000
0 -3 18 0.200000
0 -3 18 0.200000
1 -3 18 0.200000
1 -3 18 0.200000
1 -3 18 0.200000
1 -3 18 0.200000
1 -3 18 0.200000
1 -3 18 0.200000
0 -2 18 0.129912
0 -2 18 0.129912
0 -2 18 0.129912
0 -2 18 0.129912
0 -2 18 0.129912
0 -2 18 0.129912
1 -2 18 0.200000
1 -2 18 0.200000
1 -2 18 0.200000
1 -2 18 0.200000
1 -2 18 0.200000
1 -2 18 0.200000
0 -1 18 0.098883
0 -1 18 0.098883
0 -1 18 0.098883
0 -1 18 0.098883
0 -1 18 0.098883
0 -1 18 0.098883
1 -1 18 0.187452
1 -1 18 0.187452
1 -1 18 0.187452
1 -1 18 0.187452
1 -1 18 0.187452
1 -1 18 0.187452
-19 0 0 0.181645
-19 0 0 0.181645
-19 0 0 0.181645
-19 0 0 0.181645
-19 0 0 0.181645
-19 0 0 0.181645
-18 0 0 -0.106215
-18 0 0 -0.106215
-18 0 0 -0.106215
-18 0 0 -0.106215
-18 0 0 -0.106215
-18 0 0 -0.106215
-17 0 0 -0.200000
-17 0 0 -0.200000
-17 0 0 -0.200000
-17 0 0 -0.200000
-17 0 0 -0.200000
-17 0 0 -0.200000
-19 1 0 0.136505
-19 1 0 0.136505
-19 1 0 0.136505
-19 1 0 0.136505
-19 1 0 0.136505
-19 1 0 0.136505
-18 1 0 -0.200000
-18 1 0 -0.200000
-18 1 0 -0.200000
-18 1 0 -0.200000
-18 1 0 -0.200000
-18 1 0 -0.200000
-17 1 0 -0.200000
-17 1 0 -0.200000
-17 1 0 -0.200000
-17 1 0 -0.200000
-17 1 0 -0.200000
-17 1 0 -0.200000
-19 2 0 0.200000
-19 2 0 0.200000
-19 2 0 0.200000
-19 2 0 0.200000
-19 2 0 0.200000
-19 2 0 0.200000
-18 2 0 0.021519
-18 2 0 0.021519
-18 2 0 0.021519
-18 2 0 0.021519
-18 2 0 0.021519
-18 2 0 0.021519
-17 2 0 -0.085324
-17 2 0 -0.085324
-17 2 0 -0.085324
-17 2 0 -0.085324
-17 2 0 -0.085324
-17 2 0 -0.085324
-19 0 1 0.200000
-19 0 1 0.200000
-19 0 1 0.200000
-19 0 1 0.200000
-19 0 1 0.200000
-19 0 1 0.200000
-18 0 1 -0.018675
-18 0 1 -0.018675
-18 0 1 -0.018675
-18 0 1 -0.018675
-18 0 1 -0.018675
-18 0 1 -0.018675
-17 0 1 -0.200000
-17 0 1 -0.200000
-17 0 1 -0.200000
-17 0 1 -0.200000
-17 0 1 -0.200000
-17 0 1 -0.200000
-19 1 1 0.173431
-19 1 1 0.173431
-19 1 1 0.173431
-19 1 1 0.173431
-19 1 1 0.173431
-19 1 1 0.173431
-18 1 1 -0.082195
-18 1 1 -0.082195
-18 1 1 -0.082195
-18 1 1 -0.082195
-18 1 1 -0.082195
-18 1 1 -0.082195
-17 1 1 -0.172363
-17 1 1 -0.172363
-17 1 1 -0.172363
-17 1 1 -0.172363
-17 1 1 -0.172363
-17 1 1 -0.172363
-18 2 1 0.189318
-18 2 1 0.189318
-18 2 1 0.189318
-18 2 1 0.189318
-18 2 1 0.189318
-18 2 1 0.189318
-17 2 1 0.098642
-17 2 1 0.098642
-17 2 1 0.098642
-17 2 1 0.098642
-17 2 1 0.098642
-17 2 1 0.098642
-19 0 2 0.200000
-19 0 2 0.200000
-19 0 2 0.200000
-19 0 2 0.200000
-19 0 2 0.200000
-19 0 2 0.200000
-18 0 2 0.200000
-18 0 2 0.200000
-18 0 2 0.200000
-18 0 2 0.200000
-18 0 2 0.200000
-18 0 2 0.200000
-17 0 2 0.094552
-17 0 2 0.094552
-17 0 2 0.094552
-17 0 2 0.094552
-17 0 2 0.094552
-17 0 2 0.094552
-19 1 2 0.200000
-19 1 2 0.200000
-19 1 2 0.200000
-19 1 2 0.200000
-19 1 2 0.200000
-19 1 2 0.200000
-18 1 2 0.127069
-18 1 2 0.127069
-18 1 2 0.127069
-18 1 2 0.127069
-18 1 2 0.127069
-18 1 2 0.127069
-17 1 2 0.037198
-17 1 2 0.037198
-17 1 2 0.037198
-17 1 2 0.037198
-17 1 2 0.037198
-17 1 2 0.037198
-18 2 2 0.200000
-18 2 2 0.200000
-18 2 2 0.200000
-18 2 2 0.200000
-18 2 2 0.200000
-18 2 2 0.200000
-17 2 2 0.200000
-17 2 2 0.200000
-17 2 2 0.200000
-17 2 2 0.200000
-17 2 2 0.200000
-17 2 2 0.200000
-3 0 0 0.181645
-3 0 0 0.181645
-3 0 0 0.181645
-3 0 0 0.181645
-3 0 0 0.181645
-3 0 0 0.181645
-2 0 0 -0.106215
-2 0 0 -0.106215
-2 0 0 -0.106215
-2 0 0 -0.106215
-2 0 0 -0.106215
-2 0 0 -0.106215
-1 0 0 -0.200000
-1 0 0 -0.200000
-1 0 0 -0.200000
-1 0 0 -0.200000
-1 0 0 -0.200000
-1 0 0 -0.200000
-3 1 0 0.136505
-3 1 0 0.136505
-3 1 0 0.136505
-3 1 0 0.136505
-3 1 0 0.136505
-3 1 0 0.136505
-2 1 0 -0.200000
-2 1 0 -0.200000
-2 1 0 -0.200000
-2 1 0 -0.200000
-2 1 0 -0.200000
-2 1 0 -0.200000
-1 1 0 -0.200000
-1 1 0 -0.200000
-1 1 0 -0.200000
-1 1 0 -0.200000
-1 1 0 -0.200000
-1 1 0 -0.200000
-3 2 0 0.200000
-3 2 0 0.200000
-3 2 0 0.200000
-3 2 0 0.200000
-3 2 0 0.200000
-3 2 0 0.200000
-2 2 0 0.021519
-2 2 0 0.021519
-2 2 0 0.021519
-2 2 0 0.021519
-2 2 0 0.021519
-2 2 0 0.021519
-1 2 0 -0.085324
-1 2 0 -0.085324
-1 2 0 -0.085324
-1 2 0 -0.085324
-1 2 0 -0.085324
-1 2 0 -0.085324
-3 0 1 0.200000
-3 0 1 0.200000
-3 0 1 0.200000
-3 0 1 0.200000
-3 0 1 0.200000
-3 0 1 0.200000
-2 0 1 -0.018675
-2 0 1 -0.018675
-2 0 1 -0.018675
-2 0 1 -0.018675
-2 0 1 -0.018675
-2 0 1 -0.018675
-1 0 1 -0.200000
-1 0 1 -0.200000
-1 0 1 -0.200000
-1 0 1 -0.200000
-1 0 1 -0.200000
-1 0 1 -0.200000
-3 1 1 0.173431
-3 1 1 0.173431
-3 1 1 0.173431
-3 1 1 0.173431
-3 1 1 0.173431
-3 1 1 0.173431
-2 1 1 -0.082195
-2 1 1 -0.082195
-2 1 1 -0.082195
-2 1 1 -0.082195
-2 1 1 -0.082195
-2 1 1 -0.082195
-1 1 1 -0.172363
-1 1 1 -0.172363
-1 1 1 -0.172363
-1 1 1 -0.172363
-1 1 1 -0.172363
-1 1 1 -0.172363
-2 2 1 0.189318
-2 2 1 0.189318
-2 2 1 0.189318
-2 2 1 0.189318
-2 2 1 0.189318
-2 2 1 0.189318
-1 2 1 0.098642
-1 2 1 0.098642
-1 2 1 0.098642
-1 2 1 0.098642
-1 2 1 0.098642
-1 2 1 0.098642
-3 0 2 0.200000
-3 0 2 0.200000
-3 0 2 0.200000
-3 0 2 0.200000
-3 0 2 0.200000
-3 0 2 0.200000
-2 0 2 0.200000
-2 0 2 0.200000
-2 0 2 0.200000
-2 0 2 0.200000
-2 0 2 0.200000
-2 0 2 0.200000
-1 0 2 0.094552
-1 0 2 0.094552
-1 0 2 0.094552
-1 0 2 0.094552
-1 0 2 0.094552
-1 0 2 0.094552
-3 1 2 0.200000
-3 1 2 0.200000
-3 1 2 0.200000
-3 1 2 0.200000
-3 1 2 0.200000
-3 1 2 0.200000
-2 1 2 0.127069
-2 1 2 0.127069
-2 1 2 0.127069
-2 1 2 0.127069
-2 1 2 0.127069
-2 1 2 0.127069
-1 1 2 0.037198
-1 1 2 0.037198
-1 1 2 0.037198
-1 1 2 0.037198
-1 1 2 0.037198
-1 1 2 0.037198
-2 2 2 0.200000
-2 2 2 0.200000
-2 2 2 0.200000
-2 2 2 0.200000
-2 2 2 0.200000
-2 2 2 0.200000
-1 2 2 0.200000
-1 2 2 0.200000
-1 2 2 0.200000
-1 2 2 0.200000
-1 2 2 0.200000
-1 2 2 0.200000
-19 16 0 0.181645
-19 16 0 0.181645
-19 16 0 0.181645
-19 16 0 0.181645
-19 16 0 0.181645
-19 16 0 0.181645
-18 16 0 -0.106215
-18 16 0 -0.106215
-18 16 0 -0.106215
-18 16 0 -0.106215
-18 16 0 -0.106215
-18 16 0 -0.106215
-17 16 0 -0.200000
-17 16 0 -0.200000
-17 16 0 -0.200000
-17 16 0 -0.200000
-17 16 0 -0.200000
-17 16 0 -0.200000
-19 17 0 0.136505
-19 17 0 0.136505
-19 17 0 0.136505
-19 17 0 0.136505
-19 17 0 0.136505
-19 17 0 0.136505
-18 17 0 -0.200000
-18 17 0 -0.200000
-18 17 0 -0.200000
-18 17 0 -0.200000
-18 17 0 -0.200000
-18 17 0 -0.200000
-17 17 0 -0.200000
-17 17 0 -0.200000
-17 17 0 -0.200000
-17 17 0 -0.200000
-17 17 0 -0.200000
-17 17 0 -0.200000
-19 18 0 0.200000
-19 18 0 0.200000
-19 18 0 0.200000
-19 18 0 0.200000
-19 18 0 0.200000
-19 18 0 0.200000
-18 18 0 0.021519
-18 18 0 0.021519
-18 18 0 0.021519
-18 18 0 0.021519
-18 18 0 0.021519
-18 18 0 0.021519
-17 18 0 -0.085324
-17 18 0 -0.085324
-17 18 0 -0.085324
-17 18 0 -0.085324
-17 18 0 -0.085324
-17 18 0 -0.085324
-19 16 1 0.200000
-19 16 1 0.200000
-19 16 1 0.200000
-19 16 1 0.200000
-19 16 1 0.200000
-19 16 1 0.200000
-18 16 1 -0.018675
-18 16 1 -0.018675
-18 16 1 -0.018675
-18 16 1 -0.018675
-18 16 1 -0.018675
-18 16 1 -0.018675
-17 16 1 -0.200000
-17 16 1 -0.200000
-17 16 1 -0.200000
-17 16 1 -0.200000
-17 16 1 -0.200000
-17 16 1 -0.200000
-19 17 1 0.173431
-19 17 1 0.173431
-19 17 1 0.173431
-19 17 1 0.173431
-19 17 1 0.173431
-19 17 1 0.173431
-18 17 1 -0.082195
-18 17 1 -0.082195
-18 17 1 -0.082195
-18 17 1 -0.082195
-18 17 1 -0.082195
-18 17 1 -0.082195
-17 17 1 -0.172363
-17 17 1 -0.172363
-17 17 1 -0.172363
-17 17 1 -0.172363
-17 17 1 -0.172363
-17 17 1 -0.172363
-18 18 1 0.189318
-18 18 1 0.189318
-18 18 1 0.189318
-18 18 1 0.189318
-18 18 1 0.189318
-18 18 1 0.189318
-17 18 1 0.098642
-17 18 1 0.098642
-17 18 1 0.098642
-17 18 1 0.098642
-17 18 1 0.098642
-17 18 1 0.098642
-19 16 2 0.200000
-19 16 2 0.200000
-19 16 2 0.200000
-19 16 2 0.200000
-19 16 2 0.200000
-19 16 2 0.200000
-18 16 2 0.200000
-18 16 2 0.200000
-18 16 2 0.200000
-18 16 2 0.200000
-18 16 2 0.200000
-18 16 2 0.200000
-17 16 2 0.094552
-17 16 2 0.094552
-17 16 2 0.094552
-17 16 2 0.094552
-17 16 2 0.094552
-17 16 2 0.094552
-19 17 2 0.200000
-19 17 2 0.200000
-19 17 2 0.200000
-19 17 2 0.200000
-19 17 2 0.200000
-19 17 2 0.200000
-18 17 2 0.127069
-18 17 2 0.127069
-18 17 2 0.127069
-18 17 2 0.127069
-18 17 2 0.127069
-18 17 2 0.127069
-17 17 2 0.037198
-17 17 2 0.037198
-17 17 2 0.037198
-17 17 2 0.037198
-17 17 2 0.037198
-17 17 2 0.037198
-18 18 2 0.200000
-18 18 2 0.200000
-18 18 2 0.200000
-18 18 2 0.200000
-18 18 2 0.200000
-18 18 2 0.200000
-17 18 2 0.200000
-17 18 2 0.200000
-17 18 2 0.200000
-17 18 2 0.200000
-17 18 2 0.200000
-17 18 2 0.200000
-3 16 0 0.181645
-3 16 0 0.181645
-3 16 0 0.181645
-3 16 0 0.181645
-3 16 0 0.181645
-3 16 0 0.181645
-2 16 0 -0.106215
-2 16 0 -0.106215
-2 16 0 -0.106215
-2 16 0 -0.106215
-2 16 0 -0.106215
-2 16 0 -0.106215
-1 16 0 -0.200000
-1 16 0 -0.200000
-1 16 0 -0.200000
-1 16 0 -0.200000
-1 16 0 -0.200000
-1 16 0 -0.200000
-3 17 0 0.136505
-3 17 0 0.136505
-3 17 0 0.136505
-3 17 0 0.136505
-3 17 0 0.136505
-3 17 0 0.136505
-2 17 0 -0.200000
-2 17 0 -0.200000
-2 17 0 -0.200000
-2 17 0 -0.200000
-2 17 0 -0.200000
-2 17 0 -0.200000
-1 17 0 -0.200000
-1 17 0 -0.200000
-1 17 0 -0.200000
-1 17 0 -0.200000
-1 17 0 -0.200000
-1 17 0 -0.200000
-3 18 0 0.200000
-3 18 0 0.200000
-3 18 0 0.200000
-3 18 0 0.200000
-3 18 0 0.200000
-3 18 0 0.200000
-2 18 0 0.021519
-2 18 0 0.021519
-2 18 0 0.021519
-2 18 0 0.021519
-2 18 0 0.021519
-2 18 0 0.021519
-1 18 0 -0.085324
-1 18 0 -0.085324
-1 18 0 -0.085324
-1 18 0 -0.085324
-1 18 0 -0.085324
-1 18 0 -0.085324
-3 16 1 0.200000
-3 16 1 0.200000
-3 16 1 0.200000
-3 16 1 0.200000
-3 16 1 0.200000
-3 16 1 0.200000
-2 16 1 -0.018675
-2 16 1 -0.018675
-2 16 1 -0.018675
-2 16 1 -0.018675
-2 16 1 -0.018675
-2 16 1 -0.018675
-1 16 1 -0.200000
-1 16 1 -0.200000
-1 16 1 -0.200000
-1 16 1 -0.200000
-1 16 1 -0.200000
-1 16 1 -0.200000
-3 17 1 0.173431
-3 17 1 0.173431
-3 17 1 0.173431
-3 17 1 0.173431
-3 17 1 0.173431
-3 17 1 0.173431
-2 17 1 -0.082195
-2 17 1 -0.082195
-2 17 1 -0.082195
-2 17 1 -0.082195
-2 17 1 -0.082195
-2 17 1 -0.082195
-1 17 1 -0.172363
-1 17 1 -0.172363
-1 17 1 -0.172363
-1 17 1 -0.172363
-1 17 1 -0.172363
-1 17 1 -0.172363
-2 18 1 0.189318
-2 18 1 0.189318
-2 18 1 0.189318
-2 18 1 0.189318
-2 18 1 0.189318
-2 18 1 0.189318
-1 18 1 0.098642
-1 18 1 0.098642
-1 18 1 0.098642
-1 18 1 0.098642
-1 18 1 0.098642
-1 18 1 0.098642
-3 16 2 0.200000
-3 16 2 0.200000
-3 16 2 0.200000
-3 16 2 0.200000
-3 16 2 0.200000
-3 16 2 0.200000
-2 16 2 0.200000
-2 16 2 0.200000
-2 16 2 0.200000
-2 16 2 0.200000
-2 16 2 0.200000
-2 16 2 0.200000
-1 16 2 0.094552
-1 16 2 0.094552
-1 16 2 0.094552
-1 16 2 0.094552
-1 16 2 0.094552
-1 16 2 0.094552
-3 17 2 0.200000
-3 17 2 0.200000
-3 17 2 0.200000
-3 17 2 0.200000
-3 17 2 0.200000
-3 17 2 0.200000
-2 17 2 0.127069
-2 17 2 0.127069
-2 17 2 0.127069
-2 17 2 0.127069
-2 17 2 0.127069
-2 17 2 0.127069
-1 17 2 0.037198
-1 17 2 0.037198
-1 17 2 0.037198
-1 17 2 0.037198
-1 17 2 0.037198
-1 17 2 0.037198
-2 18 2 0.200000
-2 18 2 0.200000
-2 18 2 0.200000
-2 18 2 0.200000
-2 18 2 0.200000
-2 18 2 0.200000
-1 18 2 0.200000
-1 18 2 0.200000
-1 18 2 0.200000
-1 18 2 0.200000
-1 18 2 0.200000
-1 18 2 0.200000
-19 0 16 0.181645
-19 0 16 0.181645
-19 0 16 0.181645
-19 0 16 0.181645
-19 0 16 0.181645
-19 0 16 0.181645
-18 0 16 -0.106215
-18 0 16 -0.106215
-18 0 16 -0.106215
-18 0 16 -0.106215
-18 0 16 -0.106215
-18 0 16 -0.106215
-17 0 16 -0.200000
-17 0 16 -0.200000
-17 0 16 -0.200000
-17 0 16 -0.200000
-17 0 16 -0.200000
-17 0 16 -0.200000
-19 1 16 0.136505
-19 1 16 0.136505
-19 1 16 0.136505
-19 1 16 0.136505
-19 1 16 0.136505
-19 1 16 0.136505
-18 1 16 -0.200000
-18 1 16 -0.200000
-18 1 16 -0.200000
-18 1 16 -0.200000
-18 1 16 -0.200000
-18 1 16 -0.200000
-17 1 16 -0.200000
-17 1 16 -0.200000
-17 1 16 -0.200000
-17 1 16 -0.200000
-17 1 16 -0.200000
-17 1 16 -0.200000
-19 2 16 0.200000
-19 2 16 0.200000
-19 2 16 0.200000
-19 2 16 0.200000
-19 2 16 0.200000
-19 2 16 0.200000
-18 2 16 0.021519
-18 2 16 0.021519
-18 2 16 0.021519
-18 2 16 0.021519
-18 2 16 0.021519
-18 2 16 0.021519
-17 2 16 -0.085324
-17 2 16 -0.085324
-17 2 16 -0.085324
-17 2 16 -0.085324
-17 2 16 -0.085324
-17 2 16 -0.085324
-19 0 17 0.200000
-19 0 17 0.200000
-19 0 17 0.200000
-19 0 17 0.200000
-19 0 17 0.200000
-19 0 17 0.200000
-18 0 17 -0.018675
-18 0 17 -0.018675
-18 0 17 -0.018675
-18 0 17 -0.018675
-18 0 17 -0.018675
-18 0 17 -0.018675
-17 0 17 -0.200000
-17 0 17 -0.200000
-17 0 17 -0.200000
-17 0 17 -0.200000
-17 0 17 -0.200000
-17 0 17 -0.200000
-19 1 17 0.173431
-19 1 17 0.173431
-19 1 17 0.173431
-19 1 17 0.173431
-19 1 17 0.173431
-19 1 17 0.173431
-18 1 17 -0.082195
-18 1 17 -0.082195
-18 1 17 -0.082195
-18 1 17 -0.082195
-18 1 17 -0.082195
-18 1 17 -0.082195
-17 1 17 -0.172363
-17 1 17 -0.172363
-17 1 17 -0.172363
-17 1 17 -0.172363
-17 1 17 -0.172363
-17 1 17 -0.172363
-18 2 17 0.189318
-18 2 17 0.189318
-18 2 17 0.189318
-18 2 17 0.189318
-18 2 17 0.189318
-18 2 17 0.189318
-17 2 17 0.098642
-17 2 17 0.098642
-17 2 17 0.098642
-17 2 17 0.098642
-17 2 17 0.098642
-17 2 17 0.098642
-19 0 18 0.200000
-19 0 18 0.200000
-19 0 18 0.200000
-19 0 18 0.200000
-19 0 18 0.200000
-19 0 18 0.200000
-18 0 18 0.200000
-18 0 18 0.200000
-18 0 18 0.200000
-18 0 18 0.200000
-18 0 18 0.200000
-18 0 18 0.200000
-17 0 18 0.094552
-17 0 18 0.094552
-17 0 18 0.094552
-17 0 18 0.094552
-17 0 18 0.094552
-17 0 18 0.094552
-19 1 18 0.200000
-19 1 18 0.200000
-19 1 18 0.200000
-19 1 18 0.200000
-19 1 18 0.200000
-19 1 18 0.200000
-18 1 18 0.127069
-18 1 18 0.127069
-18 1 18 0.127069
-18 1 18 0.127069
-18 1 18 0.127069
-18 1 18 0.127069
-17 1 18 0.037198
-17 1 18 0.037198
-17 1 18 0.037198
-17 1 18 0.037198
-17 1 18 0.037198
-17 1 18 0.037198
-18 2 18 0.200000
-18 2 18 0.200000
-18 2 18 0.200000
-18 2 18 0.200000
-18 2 18 0.200000
-18 2 18 0.200000
-17 2 18 0.200000
-17 2 18 0.200000
-17 2 18 0.200000
-17 2 18 0.200000
-17 2 18 0.200000
-17 2 18 0.200000
-3 0 16 0.181645
-3 0 16 0.181645
-3 0 16 0.181645
-3 0 16 0.181645
-3 0 16 0.181645
-3 0 16 0.181645
-2 0 16 -0.106215
-2 0 16 -0.106215
-2 0 16 -0.106215
-2 0 16 -0.106215
-2 0 16 -0.106215
-2 0 16 -0.106215
-1 0 16 -0.200000
-1 0 16 -0.200000
-1 0 16 -0.200000
-1 0 16 -0.200000
-1 0 16 -0.200000
-1 0 16 -0.200000
-3 1 16 0.136505
-3 1 16 0.136505
-3 1 16 0.136505
-3 1 16 0.136505
-3 1 16 0.136505
-3 1 16 0.136505
-2 1 16 -0.200000
-2 1 16 -0.200000
-2 1 16 -0.200000
-2 1 16 -0.200000
-2 1 16 -0.200000
-2 1 16 -0.200000
-1 1 16 -0.200000
-1 1 16 -0.200000
-1 1 16 -0.200000
-1 1 16 -0.200000
-1 1 16 -0.200000
-1 1 16 -0.200000
-3 2 16 0.200000
-3 2 16 0.200000
-3 2 16 0.200000
-3 2 16 0.200000
-3 2 16 0.200000
-3 2 16 0.200000
-2 2 16 0.021519
-2 2 16 0.021519
-2 2 16 0.021519
-2 2 16 0.021519
-2 2 16 0.021519
-2 2 16 0.021519
-1 2 16 -0.085324
-1 2 16 -0.085324
-1 2 16 -0.085324
-1 2 16 -0.085324
-1 2 16 -0.085324
-1 2 16 -0.085324
-3 0 17 0.200000
-3 0 17 0.200000
-3 0 17 0.200000
-3 0 17 0.200000
-3 0 17 0.200000
-3 0 17 0.200000
-2 0 17 -0.018675
-2 0 17 -0.018675
-2 0 17 -0.018675
-2 0 17 -0.018675
-2 0 17 -0.018675
-2 0 17 -0.018675
-1 0 17 -0.200000
-1 0 17 -0.200000
-1 0 17 -0.200000
-1 0 17 -0.200000
-1 0 17 -0.200000
-1 0 17 -0.200000
-3 1 17 0.173431
-3 1 17 0.173431
-3 1 17 0.173431
-3 1 17 0.173431
-3 1 17 0.173431
-3 1 17 0.173431
-2 1 17 -0.082195
-2 1 17 -0.082195
-2 1 17 -0.082195
-2 1 17 -0.082195
-2 1 17 -0.082195
-2 1 17 -0.082195
-1 1 17 -0.172363
-1 1 17 -0.172363
-1 1 17 -0.172363
-1 1 17 -0.172363
-1 1 17 -0.172363
-1 1 17 -0.172363
-2 2 17 0.189318
-2 2 17 0.189318
-2 2 17 0.189318
-2 2 17 0.189318
-2 2 17 0.189318
-2 2 17 0.189318
-1 2 17 0.098642
-1 2 17 0.098642
-1 2 17 0.098642
-1 2 17 0.098642
-1 2 17 0.098642
-1 2 17 0.098642
-3 0 18 0.200000
-3 0 18 0.200000
-3 0 18 0.200000
-3 0 18 0.200000
-3 0 18 0.200000
-3 0 18 0.200000
-2 0 18 0.200000
-2 0 18 0.200000
-2 0 18 0.200000
-2 0 18 0.200000
-2 0 18 0.200000
-2 0 18 0.200000
-1 0 18 0.094552
-1 0 18 0.094552
-1 0 18 0.094552
-1 0 18 0.094552
-1 0 18 0.094552
-1 0 18 0.094552
-3 1 18 0.200000
-3 1 18 0.200000
-3 1 18 0.200000
-3 1 18 0.200000
-3 1 18 0.200000
-3 1 18 0.200000
-2 1 18 0.127069
-2 1 18 0.127069
-2 1 18 0.127069
-2 1 18 0.127069
-2 1 18 0.127069
-2 1 18 0.127069
-1 1 18 0.037198
-1 1 18 0.037198
-1 1 18 0.037198
-1 1 18 0.037198
-1 1 18 0.037198
-1 1 18 0.037198
-2 2 18 0.200000
-2 2 18 0.200000
-2 2 18 0.200000
-2 2 18 0.200000
-2 2 18 0.200000
-2 2 18 0.200000
-1 2 18 0.200000
-1 2 18 0.200000
-1 2 18 0.200000
-1 2 18 0.200000
-1 2 18 0.200000
-1 2 18 0.200000
-3 16 16 0.181645
-3 16 16 0.181645
-3 16 16 0.181645
-3 16 16 0.181645
-3 16 16 0.181645
-3 16 16 0.181645
-2 16 16 -0.106215
-2 16 16 -0.106215
-2 16 16 -0.106215
-2 16 16 -0.106215
-2 16 16 -0.106215
-2 16 16 -0.106215
-1 16 16 -0.200000
-1 16 16 -0.200000
-1 16 16 -0.200000
-1 16 16 -0.200000
-1 16 16 -0.200000
-1 16 16 -0.200000
-3 17 16 0.136505
-3 17 16 0.136505
-3 17 16 0.136505
-3 17 16 0.136505
-3 17 16 0.136505
-3 17 16 0.136505
-2 17 16 -0.200000
-2 17 16 -0.200000
-2 17 16 -0.200000
-2 17 16 -0.200000
-2 17 16 -0.200000
-2 17 16 -0.200000
-1 17 16 -0.200000
-1 17 16 -0.200000
-1 17 16 -0.200000
-1 17 16 -0.200000
-1 17 16 -0.200000
-1 17 16 -0.200000
-3 18 16 0.200000
-3 18 16 0.200000
-3 18 16 0.200000
-3 18 16 0.200000
-3 18 16 0.200000
-3 18 16 0.200000
-2 18 16 0.021519
-2 18 16 0.021519
-2 18 16 0.021519
-2 18 16 0.021519
-2 18 16 0.021519
-2 18 16 0.021519
-1 18 16 -0.085324
-1 18 16 -0.085324
-1 18 16 -0.085324
-1 18 16 -0.085324
-1 18 16 -0.085324
-1 18 16 -0.085324
-3 16 17 0.200000
-3 16 17 0.200000
-3 16 17 0.200000
-3 16 17 0.200000
-3 16 17 0.200000
-3 16 17 0.200000
-2 16 17 -0.018675
-2 16 17 -0.018675
-2 16 17 -0.018675
-2 16 17 -0.018675
-2 16 17 -0.018675
-2 16 17 -0.018675
-1 16 17 -0.200000
-1 16 17 -0.200000
-1 16 17 -0.200000
-1 16 17 -0.200000
-1 16 17 -0.200000
-1 16 17 -0.200000
-3 17 17 0.173431
-3 17 17 0.173431
-3 17 17 0.173431
-3 17 17 0.173431
-3 17 17 0.173431
-3 17 17 0.173431
-2 17 17 -0.082195
-2 17 17 -0.082195
-2 17 17 -0.082195
-2 17 17 -0.082195
-2 17 17 -0.082195
-2 17 17 -0.082195
-1 17 17 -0.172363
-1 17 17 -0.172363
-1 17 17 -0.172363
-1 17 17 -0.172363
-1 17 17 -0.172363
-1 17 17 -0.172363
-2 18 17 0.189318
-2 18 17 0.189318
-2 18 17 0.189318
-2 18 17 0.189318
-2 18 17 0.189318
-2 18 17 0.189318
-1 18 17 0.098642
-1 18 17 0.098642
-1 18 17 0.098642
-1 18 17 0.098642
-1 18 17 0.098642
-1 18 17 0.098642
-3 16 18 0.200000
-3 16 18 0.200000
-3 16 18 0.200000
-3 16 18 0.200000
-3 16 18 0.200000
-3 16 18 0.200000
-2 16 18 0.200000
-2 16 18 0.200000
-2 16 18 0.200000
-2 16 18 0.200000
-2 16 18 0.200000
-2 16 18 0.200000
-1 16 18 0.094552
-1 16 18 0.094552
-1 16 18 0.094552
-1 16 18 0.094552
-1 16 18 0.094552
-1 16 18 0.094552
-3 17 18 0.200000
-3 17 18 0.200000
-3 17 18 0.200000
-3 17 18 0.200000
-3 17 18 0.200000
-3 17 18 0.200000
-2 17 18 0.127069
-2 17 18 0.127069
-2 17 18 0.127069
-2 17 18 0.127069
-2 17 18 0.127069
-2 17 18 0.127069
-1 17 18 0.037198
-1 17 18 0.037198
-1 17 18 0.037198
-1 17 18 0.037198
-1 17 18 0.037198
-1 17 18 0.037198
-2 18 18 0.200000
-2 18 18 0.200000
-2 18 18 0.200000
-2 18 18 0.200000
-2 18 18 0.200000
-2 18 18 0.200000
-1 18 18 0.200000
-1 18 18 0.200000
-1 18 18 0.200000
-1 18 18 0.200000
-1 18 18 0.200000
-1 18 18 0.200000
0 0 0 -0.200000
0 0 0 -0.200000
0 0 0 -0.200000
0 0 0 -0.200000
0 0 0 -0.200000
0 0 0 -0.200000
1 0 0 -0.143439
1 0 0 -0.143439
1 0 0 -0.143439
1 0 0 -0.143439
1 0 0 -0.143439
1 0 0 -0.143439
2 0 0 0.123041
2 0 0 0.123041
2 0 0 0.123041
2 0 0 0.123041
2 0 0 0.123041
2 0 0 0.123041
0 1 0 -0.200000
0 1 0 -0.200000
0 1 0 -0.200000
0 1 0 -0.200000
0 1 0 -0.200000
0 1 0 -0.200000
1 1 0 -0.200000
1 1 0 -0.200000
1 1 0 -0.200000
1 1 0 -0.200000
1 1 0 -0.200000
1 1 0 -0.200000
2 1 0 0.039007
2 1 0 0.039007
2 1 0 0.039007
2 1 0 0.039007
2 1 0 0.039007
2 1 0 0.039007
0 2 0 -0.090966
0 2 0 -0.090966
0 2 0 -0.090966
0 2 0 -0.090966
0 2 0 -0.090966
0 2 0 -0.090966
1 2 0 -0.045002
1 2 0 -0.045002
1 2 0 -0.045002
1 2 0 -0.045002
1 2 0 -0.045002
1 2 0 -0.045002
2 2 0 0.200000
2 2 0 0.200000
2 2 0 0.200000
2 2 0 0.200000
2 2 0 0.200000
2 2 0 0.200000
0 0 1 -0.200000
0 0 1 -0.200000
0 0 1 -0.200000
0 0 1 -0.200000
0 0 1 -0.200000
0 0 1 -0.200000
1 0 1 -0.071107
1 0 1 -0.071107
1 0 1 -0.071107
1 0 1 -0.071107
1 0 1 -0.071107
1 0 1 -0.071107
2 0 1 0.164562
2 0 1 0.164562
2 0 1 0.164562
2 0 1 0.164562
2 0 1 0.164562
2 0 1 0.164562
0 1 1 -0.171764
0 1 1 -0.171764
0 1 1 -0.171764
0 1 1 -0.171764
0 1 1 -0.171764
0 1 1 -0.171764
1 1 1 -0.097351
1 1 1 -0.097351
1 1 1 -0.097351
1 1 1 -0.097351
1 1 1 -0.097351
1 1 1 -0.097351
2 1 1 0.080666
2 1 1 0.080666
2 1 1 0.080666
2 1 1 0.080666
2 1 1 0.080666
2 1 1 0.080666
0 2 1 0.090793
0 2 1 0.090793
0 2 1 0.090793
0 2 1 0.090793
0 2 1 0.090793
0 2 1 0.090793
1 2 1 0.158834
1 2 1 0.158834
1 2 1 0.158834
1 2 1 0.158834
1 2 1 0.158834
1 2 1 0.158834
0 0 2 0.110341
0 0 2 0.110341
0 0 2 0.110341
0 0 2 0.110341
0 0 2 0.110341
0 0 2 0.110341
1 0 2 0.166719
1 0 2 0.166719
1 0 2 0.166719
1 0 2 0.166719
1 0 2 0.166719
1 0 2 0.166719
2 0 2 0.200000
2 0 2 0.200000
2 0 2 0.200000
2 0 2 0.200000
2 0 2 0.200000
2 0 2 0.200000
0 1 2 0.060205
0 1 2 0.060205
0 1 2 0.060205
0 1 2 0.060205
0 1 2 0.060205
0 1 2 0.060205
1 1 2 0.102674
1 1 2 0.102674
1 1 2 0.102674
1 1 2 0.102674
1 1 2 0.102674
1 1 2 0.102674
2 1 2 0.200000
2 1 2 0.200000
2 1 2 0.200000
2 1 2 0.200000
2 1 2 0.200000
2 1 2 0.200000
0 2 2 0.200000
0 2 2 0.200000
0 2 2 0.200000
0 2 2 0.200000
0 2 2 0.200000
0 2 2 0.200000
1 2 2 0.200000
1 2 2 0.200000
1 2 2 0.200000
1 2 2 0.200000
1 2 2 0.200000
1 2 2 0.200000
16 0 0 -0.200000
16 0 0 -0.200000
16 0 0 -0.200000
16 0 0 -0.200000
16 0 0 -0.200000
16 0 0 -0.200000
17 0 0 -0.143439
17 0 0 -0.143439
17 0 0 -0.143439
17 0 0 -0.143439
17 0 0 -0.143439
17 0 0 -0.143439
18 0 0 0.123041
18 0 0 0.123041
18 0 0 0.123041
18 0 0 0.123041
18 0 0 0.123041
18 0 0 0.123041
16 1 0 -0.200000
16 1 0 -0.200000
16 1 0 -0.200000
16 1 0 -0.200000
16 1 0 -0.200000
16 1 0 -0.200000
17 1 0 -0.200000
17 1 0 -0.200000
17 1 0 -0.200000
17 1 0 -0.200000
17 1 0 -0.200000
17 1 0 -0.200000
18 1 0 0.039007
18 1 0 0.039007
18 1 0 0.039007
18 1 0 0.039007
18 1 0 0.039007
18 1 0 0.039007
16 2 0 -0.090966
16 2 0 -0.090966
16 2 0 -0.090966
16 2 0 -0.090966
16 2 0 -0.090966
16 2 0 -0.090966
17 2 0 -0.045002
17 2 0 -0.045002
17 2 0 -0.045002
17 2 0 -0.045002
17 2 0 -0.045002
17 2 0 -0.045002
18 2 0 0.200000
18 2 0 0.200000
18 2 0 0.200000
18 2 0 0.200000
18 2 0 0.200000
18 2 0 0.200000
16 0 1 -0.200000
16 0 1 -0.200000
16 0 1 -0.200000
16 0 1 -0.200000
16 0 1 -0.200000
16 0 1 -0.200000
17 0 1 -0.071107
17 0 1 -0.071107
17 0 1 -0.071107
17 0 1 -0.071107
17 0 1 -0.071107
17 0 1 -0.071107
18 0 1 0.164562
18 0 1 0.164562
18 0 1 0.164562
18 0 1 0.164562
18 0 1 0.164562
18 0 1 0.164562
16 1 1 -0.171764
16 1 1 -0.171764
16 1 1 -0.171764
16 1 1 -0.171764
16 1 1 -0.171764
16 1 1 -0.171764
17 1 1 -0.097351
17 1 1 -0.097351
17 1 1 -0.097351
17 1 1 -0.097351
17 1 1 -0.097351
17 1 1 -0.097351
18 1 1 0.080666
18 1 1 0.080666
18 1 1 0.080666
18 1 1 0.080666
18 1 1 0.080666
18 1 1 0.080666
16 2 1 0.090793
16 2 1 0.090793
16 2 1 0.090793
16 2 1 0.090793
16 2 1 0.090793
16 2 1 0.090793
17 2 1 0.158834
17 2 1 0.158834
17 2 1 0.158834
17 2 1 0.158834
17 2 1 0.158834
17 2 1 0.158834
16 0 2 0.110341
16 0 2 0.110341
16 0 2 0.110341
16 0 2 0.110341
16 0 2 0.110341
16 0 2 0.110341
17 0 2 0.166719
17 0 2 0.166719
17 0 2 0.166719
17 0 2 0.166719
17 0 2 0.166719
17 0 2 0.166719
18 0 2 0.200000
18 0 2 0.200000
18 0 2 0.200000
18 0 2 0.200000
18 0 2 0.200000
18 0 2 0.200000
16 1 2 0.060205
16 1 2 0.060205
16 1 2 0.060205
16 1 2 0.060205
16 1 2 0.060205
16 1 2 0.060205
17 1 2 0.102674
17 1 2 0.102674
17 1 2 0.102674
17 1 2 0.102674
17 1 2 0.102674
17 1 2 0.102674
18 1 2 0.200000
18 1 2 0.200000
18 1 2 0.200000
18 1 2 0.200000
18 1 2 0.200000
18 1 2 0.200000
16 2 2 0.200000
16 2 2 0.200000
16 2 2 0.200000
16 2 2 0.200000
16 2 2 0.200000
16 2 2 0.200000
17 2 2 0.200000
17 2 2 0.200000
17 2 2 0.200000
17 2 2 0.200000
17 2 2 0.200000
17 2 2 0.200000
0 16 0 -0.200000
0 16 0 -0.200000
0 16 0 -0.200000
0 16 0 -0.200000
0 16 0 -0.200000
0 16 0 -0.200000
1 16 0 -0.143439
1 16 0 -0.143439
1 16 0 -0.143439
1 16 0 -0.143439
1 16 0 -0.143439
1 16 0 -0.143439
2 16 0 0.123041
2 16 0 0.123041
2 16 0 0.123041
2 16 0 0.123041
2 16 0 0.123041
2 16 0 0.123041
0 17 0 -0.200000
0 17 0 -0.200000
0 17 0 -0.200000
0 17 0 -0.200000
0 17 0 -0.200000
0 17 0 -0.200000
1 17 0 -0.200000
1 17 0 -0.200000
1 17 0 -0.200000
1 17 0 -0.200000
1 17 0 -0.200000
1 17 0 -0.200000
2 17 0 0.039007
2 17 0 0.039007
2 17 0 0.039007
2 17 0 0.039007
2 17 0 0.039007
2 17 0 0.039007
0 18 0 -0.090966
0 18 0 -0.090966
0 18 0 -0.090966
0 18 0 -0.090966
0 18 0 -0.090966
0 18 0 -0.090966
1 18 0 -0.045002
1 18 0 -0.045002
1 18 0 -0.045002
1 18 0 -0.045002
1 18 0 -0.045002
1 18 0 -0.045002
2 18 0 0.200000
2 18 0 0.200000
2 18 0 0.200000
2 18 0 0.200000
2 18 0 0.200000
2 18 0 0.200000
0 16 1 -0.200000
0 16 1 -0.200000
0 16 1 -0.200000
0 16 1 -0.200000
0 16 1 -0.200000
0 16 1 -0.200000
1 16 1 -0.071107
1 16 1 -0.071107
1 16 1 -0.071107
1 16 1 -0.071107
1 16 1 -0.071107
1 16 1 -0.071107
2 16 1 0.164562
2 16 1 0.164562
2 16 1 0.164562
2 16 1 0.164562
2 16 1 0.164562
2 16 1 0.164562
0 17 1 -0.171764
0 17 1 -0.171764
0 17 1 -0.171764
0 17 1 -0.171764
0 17 1 -0.171764
0 17 1 -0.171764
1 17 1 -0.097351
1 17 1 -0.097351
1 17 1 -0.097351
1 17 1 -0.097351
1 17 1 -0.097351
1 17 1 -0.097351
2 17 1 0.080666
2 17 1 0.080666
2 17 1 0.080666
2 17 1 0.080666
2 17 1 0.080666
2 17 1 0.080666
0 18 1 0.090793
0 18 1 0.090793
0 18 1 0.090793
0 18 1 0.090793
0 18 1 0.090793
0 18 1 0.090793
1 18 1 0.158834
1 18 1 0.158834
1 18 1 0.158834
1 18 1 0.158834
1 18 1 0.158834
1 18 1 0.158834
0 16 2 0.110341
0 16 2 0.110341
0 16 2 0.110341
0 16 2 0.110341
0 16 2 0.110341
0 16 2 0.110341
1 16 2 0.166719
1 16 2 0.166719
1 16 2 0.166719
1 16 2 0.166719
1 16 2 0.166719
1 16 2 0.166719
2 16 2 0.200000
2 16 2 0.200000
2 16 2 0.200000
2 16 2 0.200000
2 16 2 0.200000
2 16 2 0.200000
0 17 2 0.060205
0 17 2 0.060205
0 17 2 0.060205
0 17 2 0.060205
0 17 2 0.060205
0 17 2 0.060205
1 17 2 0.102674
1 17 2 0.102674
1 17 2 0.102674
1 17 2 0.102674
1 17 2 0.102674
1 17 2 0.102674
2 17 2 0.200000
2 17 2 0.200000
2 17 2 0.200000
2 17 2 0.200000
2 17 2 0.200000
2 17 2 0.200000
0 18 2 0.200000
0 18 2 0.200000
0 18 2 0.200000
0 18 2 0.200000
0 18 2 0.200000
0 18 2 0.200000
1 18 2 0.200000
1 18 2 0.200000
1 18 2 0.200000
1 18 2 0.200000
1 18 2 0.200000
1 18 2 0.200000
16 16 0 -0.200000
16 16 0 -0.200000
16 16 0 -0.200000
16 16 0 -0.200000
16 16 0 -0.200000
16 16 0 -0.200000
17 16 0 -0.143439
17 16 0 -0.143439
17 16 0 -0.143439
17 16 0 -0.143439
17 16 0 -0.143439
17 16 0 -0.143439
18 16 0 0.123041
18 16 0 0.123041
18 16 0 0.123041
18 16 0 0.123041
18 16 0 0.123041
18 16 0 0.123041
16 17 0 -0.200000
16 17 0 -0.200000
16 17 0 -0.200000
16 17 0 -0.200000
16 17 0 -0.200000
16 17 0 -0.200000
17 17 0 -0.200000
17 17 0 -0.200000
17 17 0 -0.200000
17 17 0 -0.200000
17 17 0 -0.200000
17 17 0 -0.200000
18 17 0 0.039007
18 17 0 0.039007
18 17 0 0.039007
18 17 0 0.039007
18 17 0 0.039007
18 17 0 0.039007
16 18 0 -0.090966
16 18 0 -0.090966
16 18 0 -0.090966
16 18 0 -0.090966
16 18 0 -0.090966
16 18 0 -0.090966
17 18 0 -0.045002
17 18 0 -0.045002
17 18 0 -0.045002
17 18 0 -0.045002
17 18 0 -0.045002
17 18 0 -0.045002
18 18 0 0.200000
18 18 0 0.200000
18 18 0 0.200000
18 18 0 0.200000
18 18 0 0.200000
18 18 0 0.200000
16 16 1 -0.200000
16 16 1 -0.200000
16 16 1 -0.200000
16 16 1 -0.200000
16 16 1 -0.200000
16 16 1 -0.200000
17 16 1 -0.071107
17 16 1 -0.071107
17 16 1 -0.071107
17 16 1 -0.071107
17 16 1 -0.071107
17 16 1 -0.071107
18 16 1 0.164562
18 16 1 0.164562
18 16 1 0.164562
18 16 1 0.164562
18 16 1 0.164562
18 16 1 0.164562
16 17 1 -0.171764
16 17 1 -0.171764
16 17 1 -0.171764
16 17 1 -0.171764
16 17 1 -0.171764
16 17 1 -0.171764
17 17 1 -0.097351
17 17 1 -0.097351
17 17 1 -0.097351
17 17 1 -0.097351
17 17 1 -0.097351
17 17 1 -0.097351
18 17 1 0.080666
18 17 1 0.080666
18 17 1 0.080666
18 17 1 0.080666
18 17 1 0.080666
18 17 1 0.080666
16 18 1 0.090793
16 18 1 0.090793
16 18 1 0.090793
16 18 1 0.090793
16 18 1 0.090793
16 18 1 0.090793
17 18 1 0.158834
17 18 1 0.158834
17 18 1 0.158834
17 18 1 0.158834
17 18 1 0.158834
17 18 1 0.158834
16 16 2 0.110341
16 16 2 0.110341
16 16 2 0.110341
16 16 2 0.110341
16 16 2 0.110341
16 16 2 0.110341
17 16 2 0.166719
17 16 2 0.166719
17 16 2 0.166719
17 16 2 0.166719
17 16 2 0.166719
17 16 2 0.166719
18 16 2 0.200000
18 16 2 0.200000
18 16 2 0.200000
18 16 2 0.200000
18 16 2 0.200000
18 16 2 0.200000
16 17 2 0.060205
16 17 2 0.060205
16 17 2 0.060205
16 17 2 0.060205
16 17 2 0.060205
16 17 2 0.060205
17 17 2 0.102674
17 17 2 0.102674
17 17 2 0.102674
17 17 2 0.102674
17 17 2 0.102674
17 17 2 0.102674
18 17 2 0.200000
18 17 2 0.200000
18 17 2 0.200000
18 17 2 0.200000
18 17 2 0.200000
18 17 2 0.200000
16 18 2 0.200000
16 18 2 0.200000
16 18 2 0.200000
16 18 2 0.200000
16 18 2 0.200000
16 18 2 0.200000
17 18 2 0.200000
17 18 2 0.200000
17 18 2 0.200000
17 18 2 0.200000
17 18 2 0.200000
17 18 2 0.200000
0 0 16 -0.200000
0 0 16 -0.200000
0 0 16 -0.200000
0 0 16 -0.200000
0 0 16 -0.200000
0 0 16 -0.200000
1 0 16 -0.143439
1 0 16 -0.143439
1 0 16 -0.143439
1 0 16 -0.143439
1 0 16 -0.143439
1 0 16 -0.143439
2 0 16 0.123041
2 0 16 0.123041
2 0 16 0.123041
2 0 16 0.123041
2 0 16 0.123041
2 0 16 0.123041
0 1 16 -0.200000
0 1 16 -0.200000
0 1 16 -0.200000
0 1 16 -0.200000
0 1 16 -0.200000
0 1 16 -0.200000
1 1 16 -0.200000
1 1 16 -0.200000
1 1 16 -0.200000
1 1 16 -0.200000
1 1 16 -0.200000
1 1 16 -0.200000
2 1 16 0.039007
2 1 16 0.039007
2 1 16 0.039007
2 1 16 0.039007
2 1 16 0.039007
2 1 16 0.039007
0 2 16 -0.090966
0 2 16 -0.090966
0 2 16 -0.090966
0 2 16 -0.090966
0 2 16 -0.090966
0 2 16 -0.090966
1 2 16 -0.045002
1 2 16 -0.045002
1 2 16 -0.045002
1 2 16 -0.045002
1 2 16 -0.045002
1 2 16 -0.045002
2 2 16 0.200000
2 2 16 0.200000
2 2 16 0.200000
2 2 16 0.200000
2 2 16 0.200000
2 2 16 0.200000
0 0 17 -0.200000
0 0 17 -0.200000
0 0 17 -0.200000
0 0 17 -0.200000
0 0 17 -0.200000
0 0 17 -0.200000
1 0 17 -0.071107
1 0 17 -0.071107
1 0 17 -0.071107
1 0 17 -0.071107
1 0 17 -0.071107
1 0 17 -0.071107
2 0 17 0.164562
2 0 17 0.164562
2 0 17 0.164562
2 0 17 0.164562
2 0 17 0.164562
2 0 17 0.164562
0 1 17 -0.171764
0 1 17 -0.171764
0 1 17 -0.171764
0 1 17 -0.171764
0 1 17 -0.171764
0 1 17 -0.171764
1 1 17 -0.097351
1 1 17 -0.097351
1 1 17 -0.097351
1 1 17 -0.097351
1 1 17 -0.097351
1 1 17 -0.097351
2 1 17 0.080666
2 1 17 0.080666
2 1 17 0.080666
2 1 17 0.080666
2 1 17 0.080666
2 1 17 0.080666
0 2 17 0.090793
0 2 17 0.090793
0 2 17 0.090793
0 2 17 0.090793
0 2 17 0.090793
0 2 17 0.090793
1 2 17 0.158834
1 2 17 0.158834
1 2 17 0.158834
1 2 17 0.158834
1 2 17 0.158834
1 2 17 0.158834
0 0 18 0.110341
0 0 18 0.110341
0 0 18 0.110341
0 0 18 0.110341
0 0 18 0.110341
0 0 18 0.110341
1 0 18 0.166719
1 0 18 0.166719
1 0 18 0.166719
1 0 18 0.166719
1 0 18 0.166719
1 0 18 0.166719
2 0 18 0.200000
2 0 18 0.200000
2 0 18 0.200000
2 0 18 0.200000
2 0 18 0.200000
2 0 18 0.200000
0 1 18 0.060205
0 1 18 0.060205
0 1 18 0.060205
0 1 18 0.060205
0 1 18 0.060205
0 1 18 0.060205
1 1 18 0.102674
1 1 18 0.102674
1 1 18 0.102674
1 1 18 0.102674
1 1 18 0.102674
1 1 18 0.102674
2 1 18 0.200000
2 1 18 0.200000
2 1 18 0.200000
2 1 18 0.200000
2 1 18 0.200000
2 1 18 0.200000
0 2 18 0.200000
0 2 18 0.200000
0 2 18 0.200000
0 2 18 0.200000
0 2 18 0.200000
0 2 18 0.200000
1 2 18 0.200000
1 2 18 0.200000
1 2 18 0.200000
1 2 18 0.200000
1 2 18 0.200000
1 2 18 0.200000
16 0 16 -0.200000
16 0 16 -0.200000
16 0 16 -0.200000
16 0 16 -0.200000
16 0 16 -0.200000
16 0 16 -0.200000
17 0 16 -0.143439
17 0 16 -0.143439
17 0 16 -0.143439
17 0 16 -0.143439
17 0 16 -0.143439
17 0 16 -0.143439
18 0 16 0.123041
18 0 16 0.123041
18 0 16 0.123041
18 0 16 0.123041
18 0 16 0.123041
18 0 16 0.123041
16 1 16 -0.200000
16 1 16 -0.200000
16 1 16 -0.200000
16 1 16 -0.200000
16 1 16 -0.200000
16 1 16 -0.200000
17 1 16 -0.200000
17 1 16 -0.200000
17 1 16 -0.200000
17 1 16 -0.200000
17 1 16 -0.200000
17 1 16 -0.200000
18 1 16 0.039007
18 1 16 0.039007
18 1 16 0.039007
18 1 16 0.039007
18 1 16 0.039007
18 1 16 0.039007
16 2 16 -0.090966
16 2 16 -0.090966
16 2 16 -0.090966
16 2 16 -0.090966
16 2 16 -0.090966
16 2 16 -0.090966
17 2 16 -0.045002
17 2 16 -0.045002
17 2 16 -0.045002
17 2 16 -0.045002
17 2 16 -0.045002
17 2 16 -0.045002
18 2 16 0.200000
18 2 16 0.200000
18 2 16 0.200000
18 2 16 0.200000
18 2 16 0.200000
18 2 16 0.200000
16 0 17 -0.200000
16 0 17 -0.200000
16 0 17 -0.200000
16 0 17 -0.200000
16 0 17 -0.200000
16 0 17 -0.200000
17 0 17 -0.071107
17 0 17 -0.071107
17 0 17 -0.071107
17 0 17 -0.071107
17 0 17 -0.071107
17 0 17 -0.071107
18 0 17 0.164562
18 0 17 0.164562
18 0 17 0.164562
18 0 17 0.164562
18 0 17 0.164562
18 0 17 0.164562
16 1 17 -0.171764
16 1 17 -0.171764
16 1 17 -0.171764
16 1 17 -0.171764
16 1 17 -0.171764
16 1 17 -0.171764
17 1 17 -0.097351
17 1 17 -0.097351
17 1 17 -0.097351
17 1 17 -0.097351
17 1 17 -0.097351
17 1 17 -0.097351
18 1 17 0.080666
18 1 17 0.080666
18 1 17 0.080666
18 1 17 0.080666
18 1 17 0.080666
18 1 17 0.080666
16 2 17 0.090793
16 2 17 0.090793
16 2 17 0.090793
16 2 17 0.090793
16 2 17 0.090793
16 2 17 0.090793
17 2 17 0.158834
17 2 17 0.158834
17 2 17 0.158834
17 2 17 0.158834
17 2 17 0.158834
17 2 17 0.158834
16 0 18 0.110341
16 0 18 0.110341
16 0 18 0.110341
16 0 18 0.110341
16 0 18 0.110341
16 0 18 0.110341
17 0 18 0.166719
17 0 18 0.166719
17 0 18 0.166719
17 0 18 0.166719
17 0 18 0.166719
17 0 18 0.166719
18 0 18 0.200000
18 0 18 0.200000
18 0 18 0.200000
18 0 18 0.200000
18 0 18 0.200000
18 0 18 0.200000
16 1 18 0.060205
16 1 18 0.060205
16 1 18 0.060205
16 1 18 0.060205
16 1 18 0.060205
16 1 18 0.060205
17 1 18 0.102674
17 1 18 0.102674
17 1 18 0.102674
17 1 18 0.102674
17 1 18 0.102674
17 1 18 0.102674
18 1 18 0.200000
18 1 18 0.200000
18 1 18 0.200000
18 1 18 0.200000
18 1 18 0.200000
18 1 18 0.200000
16 2 18 0.200000
16 2 18 0.200000
16 2 18 0.200000
16 2 18 0.200000
16 2 18 0.200000
16 2 18 0.200000
17 2 18 0.200000
17 2 18 0.200000
17 2 18 0.200000
17 2 18 0.200000
17 2 18 0.200000
17 2 18 0.200000
0 16 16 -0.200000
0 16 16 -0.200000
0 16 16 -0.200000
0 16 16 -0.200000
0 16 16 -0.200000
0 16 16 -0.200000
1 16 16 -0.143439
1 16 16 -0.143439
1 16 16 -0.143439
1 16 16 -0.143439
1 16 16 -0.143439
1 16 16 -0.143439
2 16 16 0.123041
2 16 16 0.123041
2 16 16 0.123041
2 16 16 0.123041
2 16 16 0.123041
2 16 16 0.123041
0 17 16 -0.200000
0 17 16 -0.200000
0 17 16 -0.200000
0 17 16 -0.200000
0 17 16 -0.200000
0 17 16 -0.200000
1 17 16 -0.200000
1 17 16 -0.200000
1 17 16 -0.200000
1 17 16 -0.200000
1 17 16 -0.200000
1 17 16 -0.200000
2 17 16 0.039007
2 17 16 0.039007
2 17 16 0.039007
2 17 16 0.039007
2 17 16 0.039007
2 17 16 0.039007
0 18 16 -0.090966
0 18 16 -0.090966
0 18 16 -0.090966
0 18 16 -0.090966
0 18 16 -0.090966
0 18 16 -0.090966
1 18 16 -0.045002
1 18 16 -0.045002
1 18 16 -0.045002
1 18 16 -0.045002
1 18 16 -0.045002
1 18 16 -0.045002
2 18 16 0.200000
2 18 16 0.200000
2 18 16 0.200000
2 18 16 0.200000
2 18 16 0.200000
2 18 16 0.200000
0 16 17 -0.200000
0 16 17 -0.200000
0 16 17 -0.200000
0 16 17 -0.200000
0 16 17 -0.200000
0 16 17 -0.200000
1 16 17 -0.071107
1 16 17 -0.071107
1 16 17 -0.071107
1 16 17 -0.071107
1 16 17 -0.071107
1 16 17 -0.071107
2 16 17 0.164562
2 16 17 0.164562
2 16 17 0.164562
2 16 17 0.164562
2 16 17 0.164562
2 16 17 0.164562
0 17 17 -0.171764
0 17 17 -0.171764
0 17 17 -0.171764
0 17 17 -0.171764
0 17 17 -0.171764
0 17 17 -0.171764
1 17 17 -0.097351
1 17 17 -0.097351
1 17 17 -0.097351
1 17 17 -0.097351
1 17 17 -0.097351
1 17 17 -0.097351
2 17 17 0.080666
2 17 17 0.080666
2 17 17 0.080666
2 17 17 0.080666
2 17 17 0.080666
2 17 17 0.080666
0 18 17 0.090793
0 18 17 0.090793
0 18 17 0.090793
0 18 17 0.090793
0 18 17 0.090793
0 18 17 0.090793
1 18 17 0.158834
1 18 17 0.158834
1 18 17 0.158834
1 18 17 0.158834
1 18 17 0.158834
1 18 17 0.158834
0 16 18 0.110341
0 16 18 0.110341
0 16 18 0.110341
0 16 18 0.110341
0 16 18 0.110341
0 16 18 0.110341
1 16 18 0.166719
1 16 18 0.166719
1 16 18 0.166719
1 16 18 0.166719
1 16 18 0.166719
1 16 18 0.166719
2 16 18 0.200000
2 16 18 0.200000
2 16 18 0.200000
2 16 18 0.200000
2 16 18 0.200000
2 16 18 0.200000
0 17 18 0.060205
0 17 18 0.060205
0 17 18 0.060205
0 17 18 0.060205
0 17 18 0.060205
0 17 18 0.060205
1 17 18 0.102674
1 17 18 0.102674
1 17 18 0.102674
1 17 18 0.102674
1 17 18 0.102674
1 17 18 0.102674
2 17 18 0.200000
2 17 18 0.200000
2 17 18 0.200000
2 17 18 0.200000
2 17 18 0.200000
2 17 18 0.200000
0 18 18 0.200000
0 18 18 0.200000
0 18 18 0.200000
0 18 18 0.200000
0 18 18 0.200000
0 18 18 0.200000
1 18 18 0.200000
1 18 18 0.200000
1 18 18 0.200000
1 18 18 0.200000
1 18 18 0.200000
1 18 18 0.200000
